(SC.ElapsedDays) vs (SC.Earth.RadPer)
SC.ElapsedDays   SC.Earth.RadPer
SC.Earth.RadPer
0, 6691.93881762899
0.000694444443070097, 6691.29167289478
0.00168372894768254, 6690.38015638629
0.00271290415548719, 6689.43684550762
0.00374650129379006, 6688.48605305718
0.0047803482702875, 6687.52764504418
0.00520082329603611, 6687.1360895845
0.00561233142070705, 6686.75243369234
0.00600034522358328, 6686.39071158827
0.00693880744438502, 6685.51870285706
0.00796124515181873, 6684.57887981042
0.00899355386354728, 6683.64646579541
0.0100268689238874, 6682.7331040687
0.0110600169828103, 6681.84202722336
0.0120928362230188, 6680.97603223897
0.0131253635663597, 6680.13887129917
0.0141577275862801, 6679.33467245275
0.015189981986623, 6678.56697311607
0.0162220964411972, 6677.83821206546
0.0172539625418722, 6677.15005280293
0.0182854723316268, 6676.50393586815
0.0193166530516464, 6675.90121600017
0.0203476217648131, 6675.34293963117
0.0213784734805813, 6674.82965140644
0.0224092222051695, 6674.36162583012
0.0234397689309844, 6673.93946378511
0.0244699978866265, 6673.56447379868
0.0254998970340239, 6673.23846850583
0.0265294964265195, 6672.96315533199
0.0275591483114113, 6672.7395079063
0.0285888761573005, 6672.56786466231
0.0296186275627406, 6672.44820696748
0.0300514083210146, 6672.41342931156
0.0304535546056286, 6672.38935086046
0.0309044300411188, 6672.37180222754
0.0318454539847153, 6672.36740014593
0.0328643720822583, 6672.41180378161
0.033892487637786, 6672.50840322855
0.0349218343726534, 6672.65726082078
0.0359515182863106, 6672.85845450999
0.036981303619541, 6673.11173814463
0.0380110319383675, 6673.41589148106
0.0390406659171276, 6673.76850166186
0.0400703506420541, 6674.16663115868
0.0411003093213367, 6674.60809739115
0.0421306872922287, 6675.09249917907
0.0431614681911014, 6675.62112240389
0.0441924943697813, 6676.19559552648
0.0452235807169927, 6676.81619229397
0.0462546891321836, 6677.48105689876
0.0472859367946512, 6678.18677849081
0.0483174761175178, 6678.92970563027
0.0493494027032284, 6679.70692948253
0.0503816742602794, 6680.51620022165
0.0514141727471724, 6681.35513378576
0.0524468174153299, 6682.22057065639
0.0534795866478817, 6683.10869501736
0.0545125426615414, 6684.01590492838
0.0555457405243942, 6684.93959881535
0.0565791966364486, 6685.87833228933
0.0576128567772685, 6686.83117836672
0.0586466358836333, 6687.79679083823
0.0596804992674151, 6688.77268800199
0.0607144592650002, 6689.75492383185
0.0617485189177387, 6690.73818775941
0.0627826453273883, 6691.71269910093
0.0638167937431717, 6691.02867199441
0.0648508964732173, 6690.01221354103
0.0658849566389108, 6689.01479275895
0.0669190375774633, 6688.04232380676
0.0679531698588107, 6687.09488968884
0.068346915730217, 6686.73972639685
0.068787899796007, 6686.34479166342
0.069550973828882, 6685.66659375405
0.070550163549342, 6684.7842982072
0.071579733685212, 6683.8788955198
0.0726124813591014, 6682.97619920182
0.0736453912832076, 6682.08497135983
0.0746782546666509, 6681.21289647563
0.0757110808590369, 6680.36607130489
0.0767437756367144, 6679.54828129663
0.0777761999015638, 6678.76181623875
0.0788082234030298, 6678.00894558633
0.0798398910446849, 6677.29260931572
0.0808713334299682, 6676.61616170572
0.0819026536410092, 6675.98257564527
0.082933861638594, 6675.393941524
0.0839648722430866, 6674.85160922701
0.0849955684170709, 6674.35663072147
0.0860259538276296, 6673.90995616451
0.0870561112569703, 6673.51235558126
0.0880861648183782, 6673.16425676341
0.0891161874169484, 6672.86587431599
0.0901461069806828, 6672.61757513835
0.0911758134388947, 6672.42007770725
0.0922052508758497, 6672.27429419664
0.0928757678084366, 6672.20749514176
0.093443229663535, 6672.16841827228
0.0940430249502242, 6672.14452325573
0.0950118922046386, 6672.14363290705
0.0960344136328786, 6672.19303192053
0.0970631973905256, 6672.2947546174
0.0980926128504507, 6672.44862874684
0.0991219978423032, 6672.65428017743
0.100151371327229, 6672.91120011257
0.101180925004883, 6673.21902717195
0.102210788623779, 6673.57769738837
0.103240941538388, 6673.98702960072
0.104271239310037, 6674.44579941936
0.10530153612126, 6674.95104744011
0.106331811566633, 6675.49846902041
0.107362255072076, 6676.08401722648
0.108393060028902, 6676.70567676826
0.109424351496273, 6677.3642551639
0.110456051381334, 6678.06227636377
0.111487987076544, 6678.80169247255
0.112519980772049, 6679.58187688673
0.113552027414698, 6680.39940953881
0.11458423606382, 6681.24945804473
0.115616747363674, 6682.12761386801
0.116649619816599, 6683.03072943288
0.117682805954246, 6683.95638882193
0.11871616350254, 6684.90172280284
0.11974959881627, 6685.86287632422
0.120783103149734, 6686.83551492432
0.121816743248928, 6687.81596386722
0.122850566389388, 6688.80194473788
0.123884566488414, 6689.79237557216
0.124918662928394, 6690.78611783358
0.125952786009293, 6691.75556949356
0.126986900409975, 6690.85492460801
0.128021011125384, 6689.83034857735
0.129055121415149, 6688.80912203762
0.130089203747048, 6687.7958565473
0.131123181192379, 6686.79701028929
0.13215093506733, 6685.82590696113
0.133183959598682, 6684.87840338524
0.134217547474691, 6683.96242759482
0.135251166357193, 6683.07695520754
0.136284695836366, 6682.2165553594
0.13731798111985, 6681.37494469592
0.138350884371903, 6680.54855316598
0.139383359186468, 6679.73840709546
0.140415514728375, 6678.94943177302
0.1414475002166, 6678.18809842179
0.14247940829955, 6677.45999984412
0.143511203095841, 6676.76878210721
0.144542758029274, 6676.1166149484
0.145573938785674, 6675.50535375616
0.146604739798931, 6674.93724298283
0.147635279805399, 6674.41480798381
0.148665693235671, 6673.94028812756
0.149696046399185, 6673.51523015454
0.15072627320842, 6673.14057125942
0.15175627804274, 6672.8169403344
0.152785982310888, 6672.5448727921
0.153815507623221, 6672.324745776
0.154844982236682, 6672.15675968625
0.155741113649128, 6672.05305680208
0.156400974930875, 6672.00205376758
0.157042716280557, 6671.97314520963
0.158018839476426, 6671.96843042663
0.159041967184749, 6672.01438338208
0.160070421799901, 6672.11277043138
0.161099526350881, 6672.26293855673
0.162128929623577, 6672.46421964365
0.163158593477419, 6672.71623365959
0.164188419283164, 6673.01877453845
0.165218265061412, 6673.37140825754
0.166248075653129, 6673.77326042454
0.167277956566977, 6674.22331944911
0.168308104352036, 6674.7209729632
0.169338631436403, 6675.26604795478
0.170369511219178, 6675.85796745526
0.171400578728935, 6676.49441434644
0.172431694463739, 6677.17075674083
0.173462849790667, 6677.88107803827
0.174494197151944, 6678.62054662393
0.175525931834272, 6679.38759498966
0.176558145267336, 6680.18428654042
0.177590776071156, 6681.01435108568
0.178623609586793, 6681.87998990443
0.179656482952851, 6682.77977296825
0.180689386364975, 6683.70888304689
0.18172241002685, 6684.66123090591
0.182755703732255, 6685.63175293779
0.183789305356186, 6686.61710028337
0.184823134561157, 6687.61473790363
0.185857060274429, 6688.62151806719
0.186890985140053, 6689.6331086543
0.187924910052971, 6690.64465304777
0.188958884649765, 6691.64505975655
0.189992950829037, 6690.85114386879
0.191027080607455, 6689.82005585949
0.192061218192976, 6688.79753410368
0.193095275382802, 6687.78556959903
0.193842879896692, 6687.06096333857
0.194576645211782, 6686.35589885511
0.195267043589411, 6685.69858258284
0.196255068745813, 6684.76984381941
0.197283446039364, 6683.82175889416
0.198316294463439, 6682.89428555501
0.199349439011712, 6681.99767785029
0.200382447699667, 6681.13736211744
0.201415347317379, 6680.3151054245
0.202448154341255, 6679.52874404871
0.203480800770194, 6678.7735668933
0.204513153661537, 6678.04511540337
0.205545069464279, 6677.34180583029
0.206576550091995, 6676.66577454446
0.207607707750867, 6676.02181487169
0.20863869294044, 6675.4152726938
0.209669623960508, 6674.85032496857
0.210700444236863, 6674.32956691511
0.211731035713456, 6673.85458165908
0.212761277885875, 6673.42681403104
0.213791200207197, 6673.04790029954
0.2148209322404, 6672.71946768388
0.215850619973935, 6672.44274690112
0.216880303294602, 6672.21844031552
0.217909938153753, 6672.04686377259
0.21865409030579, 6671.95576316968
0.21955747037282, 6671.88232061196
0.220375932916795, 6671.85095997931
0.2213789951129, 6671.85807448906
0.222405312499177, 6671.91718962729
0.223434410188929, 6672.02905999779
0.224463878446841, 6672.19355252507
0.225493343947164, 6672.41014037056
0.226522729739372, 6672.67768415132
0.22755215466168, 6672.99464566581
0.228581794901402, 6673.35964587016
0.22961176796889, 6673.77192907405
0.230642045255081, 6674.23125029119
0.231672506593895, 6674.73724774051
0.232703008503449, 6675.28887043909
0.233733578807005, 6675.88458190438
0.23476433869655, 6676.52308773606
0.23579547328336, 6677.20389237765
0.236827024782542, 6677.92664487885
0.237858892018266, 6678.68954877019
0.238890906563029, 6679.48801338104
0.239922944725549, 6680.31503275441
0.240955055785889, 6681.16366289847
0.241987431298185, 6682.03014170194
0.243020219084428, 6682.91546079531
0.244053452988737, 6683.8241418526
0.245086982260545, 6684.76059391881
0.24612060103027, 6685.72556250628
0.247154176129698, 6686.71499582973
0.248187731587677, 6687.72190067445
0.249221386995487, 6688.7394164894
0.25025526322861, 6689.76282165304
0.251289331899898, 6690.78923808566
0.252323500419152, 6691.53111820385
0.253357619985763, 6690.50355200346
0.25439162467228, 6689.47526285166
0.255425553546957, 6688.45040410068
0.256459450167313, 6687.43401052079
0.256854048180685, 6687.04939167246
0.257243211814057, 6686.67223043632
0.258061020336754, 6685.88747272954
0.25906795507035, 6684.93732257816
0.260098521739565, 6683.98460561525
0.261131617473438, 6683.05053797515
0.262164837338787, 6682.1386228523
0.263197923952248, 6681.25131602003
0.264230830598535, 6680.39222465369
0.26526349429696, 6679.56616050043
0.266295879635436, 6678.77822212212
0.267328021142021, 6678.03226874641
0.268360000518442, 6677.32951231762
0.269391865738726, 6676.66818515119
0.270423588211997, 6676.04473841985
0.271455022433656, 6675.45608447655
0.272486037418275, 6674.90146927941
0.273516627610661, 6674.38295776692
0.274546876447857, 6673.90446027961
0.275576980195183, 6673.47004912861
0.276607061328832, 6673.08279438663
0.277637110171781, 6672.74452187668
0.278666999463894, 6672.45630870994
0.279696622350457, 6672.21904089435
0.280725990698556, 6672.03360033022
0.281522019937256, 6671.92618820054
0.282523719019082, 6671.8359770502
0.283425605393859, 6671.79767383795
0.284439820559783, 6671.80305549026
0.285467489869916, 6671.8605802004
0.286496585242276, 6671.97036092234
0.287525792547967, 6672.13193870432
0.288555097955395, 6672.34489772838
0.289584606434801, 6672.60898783771
0.290614341094624, 6672.92401003229
0.291644223405456, 6673.28938048674
0.292674149030063, 6673.70366229492
0.293704084873752, 6674.16456343847
0.294734156970662, 6674.66962411186
0.295764515882183, 6675.21708976086
0.296795273723546, 6675.80632167964
0.297826375128352, 6676.43722533591
0.298857679728826, 6677.10923594501
0.299889071538928, 6677.82076042328
0.300920551992022, 6678.56969853035
0.301952251993498, 6679.35455830627
0.302984346144513, 6680.17488512021
0.304016839567339, 6681.03005361011
0.305049634698662, 6681.91724567958
0.306082515449816, 6682.83012017862
0.307115391595289, 6683.76008003787
0.308148312171397, 6684.69960205269
0.3091814424115, 6685.64577305548
0.310214948258363, 6686.60144544766
0.311248815745785, 6687.57280584106
0.312282889699418, 6688.56479459743
0.313316945390397, 6689.5772293572
0.314350877244578, 6690.60428026581
0.315384707959311, 6691.39692284489
0.316418563110346, 6690.39225979469
0.317452538889484, 6689.38179329976
0.318486608743115, 6688.37321352319
0.31952065688165, 6687.37009398137
0.32026217470775, 6686.65547458287
0.320947925134533, 6685.99904926257
0.321935093605134, 6685.06369983653
0.322963230359164, 6684.10528239776
0.323996018745675, 6683.16325727714
0.325029238305433, 6682.2455526961
0.326062356005423, 6681.35527757041
0.327095258086047, 6680.49400108063
0.328127916072845, 6679.66274055513
0.329160338271322, 6678.86274007558
0.330192558009003, 6678.09600998049
0.331224543766439, 6677.36560638275
0.332256270783546, 6676.67535368726
0.333287717458006, 6676.02909046423
0.334318904220709, 6675.42951137428
0.335349909983051, 6674.87721942605
0.336380828521214, 6674.37070112833
0.337411631629948, 6673.907471452
0.338442207957996, 6673.48570652165
0.339472410079907, 6673.1054423163
0.340502226255921, 6672.76859077877
0.341531766163826, 6672.47802336375
0.342561202367506, 6672.23640741391
0.343590684333321, 6672.04553251289
0.344421289730235, 6671.92918216532
0.345299465905555, 6671.84304296305
0.346107846718951, 6671.79741835156
0.347109469243151, 6671.78580885438
0.348135424639622, 6671.82544333461
0.349164179253421, 6671.91721895555
0.350193406888138, 6672.06060331522
0.351222858578694, 6672.2549633644
0.352252429307555, 6672.49964457622
0.353282015850709, 6672.79389379104
0.354311615948973, 6673.13687339024
0.355341331440286, 6673.52785340622
0.356371300662431, 6673.96640173733
0.35740157444161, 6674.4521975441
0.358432100234495, 6674.98440779567
0.359462750584498, 6675.56102280478
0.360493463114835, 6676.17888470138
0.361524318574084, 6676.8346155226
0.362555439136486, 6677.5258257457
0.363586972187477, 6678.25174938763
0.364618895975582, 6679.01251086234
0.365651075593632, 6679.80775126999
0.366683364834898, 6680.63574137089
0.367715710563061, 6681.49387252705
0.368748209300975, 6682.3800873147
0.369781019682705, 6683.29365552085
0.370814206715295, 6684.23409636308
0.371847687350964, 6685.19875132422
0.372881249480997, 6686.18099080014
0.373914756615704, 6687.17121654208
0.374948195465549, 6688.16048460568
0.375981715267699, 6689.14469398575
0.377015497502725, 6690.12596276454
0.378049563645618, 6691.09991573144
0.379083806736162, 6690.55538544231
0.380117993972817, 6689.56898924666
0.381151978854177, 6688.58624327636
0.382185740032583, 6687.60534848714
0.382529962218541, 6687.27920849139
0.382871261837863, 6686.95626658753
0.383529755530617, 6686.33500578976
0.384512370954326, 6685.41474185361
0.385540162289544, 6684.46448303512
0.386573063999094, 6683.52529744858
0.387606330812559, 6682.60404407977
0.388639382705151, 6681.70398038596
0.389672181216156, 6680.82871822687
0.390704804834968, 6679.98221247012
0.391737292124162, 6679.16801243693
0.392769606543879, 6678.38866955405
0.393801682330377, 6677.64572011286
0.394833480600937, 6676.94014991512
0.39586501192025, 6676.2729885293
0.396896333037148, 6675.64575182561
0.397927435558813, 6675.06067606935
0.398958301258972, 6674.52052037737
0.399988905854116, 6674.0280422722
0.401019259425084, 6673.58520960555
0.402049447868194, 6673.19255952846
0.403079570347472, 6672.84921768031
0.404109794446413, 6672.55364569504
0.405139785143547, 6672.30490520956
0.406169517293165, 6672.10315488047
0.407198924927798, 6671.94968431537
0.408228377047635, 6671.84613793682
0.40916836211909, 6671.7963597202
0.410187102719647, 6671.79129434558
0.41121524821574, 6671.83788454121
0.412244527866278, 6671.93645496429
0.413273903130175, 6672.08673965754
0.414303195870161, 6672.28815126714
0.415332468455745, 6672.53971107705
0.416361864150531, 6672.84018912361
0.417391521328682, 6673.18839215121
0.41842144992188, 6673.58328663687
0.419451573601691, 6674.02388310791
0.420481778892281, 6674.50904373615
0.421512067536241, 6675.03759125246
0.422542549189529, 6675.60863416062
0.423573341264273, 6676.22170582228
0.424604490217462, 6676.87631786507
0.425635913699807, 6677.57100730373
0.426667464034836, 6678.30268707784
0.427699091440445, 6679.06710958683
0.428730877825728, 6679.86030721572
0.429762960193329, 6680.68003524921
0.430795433429012, 6681.52604658481
0.431828264976502, 6682.39882399885
0.432861303670506, 6683.29778088499
0.433894393889204, 6684.22053434552
0.434927497932222, 6685.16392279814
0.435960714003159, 6686.12571010705
0.436994176769076, 6687.10501956776
0.438027941578184, 6688.10039821688
0.439061878380016, 6689.10608669443
0.440095818466943, 6690.10585057787
0.441129605187598, 6690.96410452306
0.442163250671001, 6690.34118074665
0.443196901091142, 6689.33845042982
0.444230702898494, 6688.33329370948
0.445264695055812, 6687.3464423948
0.446006537888024, 6686.65186431035
0.446691441902658, 6686.01956290337
0.447678532749705, 6685.12049958866
0.448706634906557, 6684.19643548506
0.44973920902703, 6683.28077825535
0.450772185231472, 6682.38018905248
0.451805165306723, 6681.49930695936
0.452838088753197, 6680.64192713799
0.453870831333916, 6679.81082190598
0.454903266723704, 6679.00833217717
0.455935372003296, 6678.23711011492
0.456967204074317, 6677.50031838585
0.457998846748524, 6676.8011506215
0.45903034595176, 6676.14220234923
0.460061638434127, 6675.52521853778
0.461092688303324, 6674.95121457718
0.462123467499623, 6674.42096036501
0.463154015029431, 6673.93537029114
0.464184372387535, 6673.49575172567
0.46521456519622, 6673.10378467624
0.466244575032761, 6672.76126520776
0.467274370192172, 6672.46964273656
0.468304011294094, 6672.22956527689
0.469333572156756, 6672.04080905705
0.470179493619071, 6671.92363406519
0.47101931168072, 6671.84081103672
0.471807686317334, 6671.79344316931
0.472806796282384, 6671.77612388215
0.473832643045171, 6671.80881446886
0.474861352460721, 6671.89354622698
0.475890356512537, 6672.03026104383
0.476919520857336, 6672.21828710978
0.477948944142554, 6672.45680286218
0.478978590395855, 6672.74507441882
0.480008342798101, 6673.08231828835
0.481038101239392, 6673.46734489147
0.482067885172, 6673.8984223336
0.483097808359162, 6674.37354864705
0.484128018593765, 6674.89092918921
0.485158576600952, 6675.44917651595
0.48618941739187, 6676.04708599536
0.487220418977813, 6676.68330033263
0.488251539554767, 6677.35634253954
0.489282840728265, 6678.06501773243
0.490314447364653, 6678.80871631273
0.491346403461648, 6679.5869537747
0.492378661987459, 6680.39828930662
0.493411090548761, 6681.23937734921
0.494443582727399, 6682.10526192154
0.495476154028438, 6682.99102511357
0.496508931195422, 6683.89367441844
0.497542040466215, 6684.81274116183
0.49857546720159, 6685.74893389902
0.4996090982022, 6686.70187828035
0.500642746188532, 6687.66851824886
0.501676324613072, 6688.64301482105
0.502709877702728, 6689.6139667795
0.503743546854821, 6690.51392631979
0.504777429781825, 6690.44927105896
0.505811462699057, 6689.54453246712
0.506845451767731, 6688.57310178587
0.507879220058385, 6687.5863495925
0.508256092361989, 6687.22525430895
0.508767192950472, 6686.73585758253
0.509358499857626, 6686.17187453439
0.510329261152947, 6685.25693794901
0.511355444119545, 6684.31282078248
0.512388132552587, 6683.39216604823
0.513421505911538, 6682.50042806208
0.514454721836955, 6681.63482677501
0.515487558852328, 6680.7922210801
0.516520031833352, 6679.97203439714
0.517552258173964, 6679.17652789556
0.518584381286928, 6678.40931293221
0.519616412537289, 6677.67380838332
0.520648276404245, 6676.97256323095
0.521679842095182, 6676.30763399822
0.522711071993399, 6675.68116020371
0.523741999815684, 6675.09560607655
0.524772722204943, 6674.55342647282
0.52580331473655, 6674.05660973848
0.526833753021492, 6673.60647448606
0.527864005129231, 6673.20376809227
0.528894041188323, 6672.8490096964
0.529923794943898, 6672.54279263328
0.530953487359511, 6672.28581479646
0.531983096243493, 6672.07897290062
0.533012609099387, 6671.92306595905
0.533613302930462, 6671.85582292643
0.534163520376751, 6671.80960099814
0.535122821602272, 6671.76406102082
0.536143994348095, 6671.76424510444
0.53717244634754, 6671.81498169114
0.538201859781111, 6671.91697079567
0.539231444014149, 6672.0711618665
0.540260991510877, 6672.27838874163
0.541290415036201, 6672.53858048164
0.542319767453591, 6672.85044710741
0.543349222374673, 6673.21190077469
0.544378954517015, 6673.62084740767
0.545409014877805, 6674.07569715838
0.546439331374131, 6674.57522059563
0.547469782057306, 6675.11793391558
0.5485002841815, 6675.70164186517
0.549530897595105, 6676.32364755989
0.550561767806357, 6676.98139817996
0.551592997697298, 6677.67297005381
0.552624581061536, 6678.39697598448
0.553656406740629, 6679.15204081647
0.554688376738341, 6679.93651756452
0.555720458680298, 6680.74876523319
0.556752745698759, 6681.5877444796
0.557785333530774, 6682.45296209202
0.55881823935124, 6683.34346474019
0.559851372181583, 6684.25644662687
0.56088456397265, 6685.18674166437
0.561917761730001, 6686.12807835076
0.562950996554719, 6687.07505790412
0.563984416283347, 6688.024047476
0.565018092409446, 6688.96957968895
0.566051987931132, 6689.88335986575
0.567085915925418, 6690.4572018209
0.56811972187279, 6689.84394648279
0.569153363958321, 6688.92230639843
0.570186945005844, 6687.96952851128
0.571220584843104, 6687.01511698693
0.572160810846981, 6686.15136238295
0.573183595643059, 6685.21731996188
0.574215924145392, 6684.28035163222
0.575249010351399, 6683.35102348483
0.576281887711957, 6682.43682775032
0.57731458870694, 6681.54693351464
0.578347266091441, 6680.68949460374
0.579379998933291, 6679.86874801822
0.580412656199769, 6679.08449844908
0.581445043648273, 6678.33402617639
0.582477016145276, 6677.61500878645
0.583508574403822, 6676.92735540001
0.58453986299719, 6676.27315669514
0.585571006329701, 6675.65546709708
0.586602067141939, 6675.07703394282
0.587632987986581, 6674.53989361826
0.588663636473939, 6674.04567858245
0.589693972946407, 6673.59601408177
0.590724045061506, 6673.19264449472
0.591753956708999, 6672.83718469526
0.59278371003893, 6672.53085134746
0.593813445022533, 6672.27429762852
0.594843067399779, 6672.06787805995
0.595872561574652, 6671.91178998078
0.596473449211771, 6671.84402148824
0.597093615000631, 6671.79217771674
0.598066370075685, 6671.74798845944
0.599089175480913, 6671.75045386219
0.600117758862325, 6671.80325515511
0.601146955337754, 6671.90598773149
0.602176239244727, 6672.05791543358
0.603205613264436, 6672.25869304504
0.604235199993127, 6672.50889227499
0.605265017646161, 6672.80999809805
0.606294992514449, 6673.16365573788
0.607325003486039, 6673.57044528652
0.608354956802941, 6674.02899752335
0.60938492645073, 6674.53617886153
0.61041505574758, 6675.08816136265
0.611445534454106, 6675.68171170078
0.612476394475379, 6676.31464226991
0.613507558668061, 6676.98533759088
0.614538882440684, 6677.69176875785
0.615570285001013, 6678.43100507191
0.616601801342767, 6679.1996231563
0.617633582263807, 6679.99464332264
0.618665720361605, 6680.81401444886
0.619698197671823, 6681.65634164516
0.620730883918441, 6682.52013704234
0.621763669398206, 6683.40349743095
0.622796537943941, 6684.30448760217
0.623829566797212, 6685.22169628205
0.62486284274928, 6686.15390461096
0.625896353009011, 6687.09833547718
0.626930017500854, 6688.04782766755
0.627963660372188, 6688.9851240847
0.628997222571343, 6689.85095115115
0.630030739725044, 6690.22471286487
0.631064334218536, 6689.5604395567
0.632098096881236, 6688.64074233348
0.633131972470437, 6687.68968979315
0.63388846637099, 6686.99315356438
0.634526451489364, 6686.40825022287
0.635181140944042, 6685.81153155644
0.636162670507474, 6684.92551509801
0.637189894132462, 6684.0123017324
0.638222371795564, 6683.11172037031
0.639255471382057, 6682.2289836655
0.640288567665266, 6681.36410506393
0.641321412491379, 6680.51724011919
0.642353862938762, 6679.69119219686
0.643385914368992, 6678.89194476183
0.64441773733779, 6678.12688684613
0.645449505493161, 6677.40203635317
0.646481289841176, 6676.72001286899
0.647512977113365, 6676.08013437064
0.648544387713628, 6675.48027090066
0.649575373150583, 6674.91906218275
0.650605957838707, 6674.39696105176
0.651636291720934, 6673.91589048364
0.652666516692989, 6673.47819829744
0.653696705623588, 6673.08582017925
0.654726793905866, 6672.74013452751
0.655756632499106, 6672.44222800295
0.656786253122846, 6672.19309314311
0.657815680595377, 6671.993685145
0.658714874633006, 6671.86074629812
0.659450224218745, 6671.78082393011
0.660138271177857, 6671.72955276354
0.661121983994235, 6671.69570400993
0.662146071888856, 6671.70969706479
0.663174757261004, 6671.77415799237
0.664203966189234, 6671.8889481861
0.665233300223917, 6672.05356006011
0.666262731683673, 6672.26709250712
0.667292249469028, 6672.5282165133
0.668321828521584, 6672.83542918421
0.669351510870911, 6673.18768901617
0.670381371844996, 6673.58515697809
0.671411531329795, 6674.02954690102
0.672441986866033, 6674.52345341286
0.67347266586512, 6675.06882113919
0.674503423630085, 6675.6652650573
0.67553418976604, 6676.30948665162
0.676565015150118, 6676.99620221399
0.677596060308133, 6677.72001767767
0.678627474731911, 6678.47692998735
0.679659293262375, 6679.26451707732
0.680691396690236, 6680.08086331164
0.681723630845227, 6680.92331836267
0.682755936068133, 6681.7881538218
0.683788354566786, 6682.67131004844
0.68482100741312, 6683.56952134303
0.68585396168055, 6684.48065039496
0.686887192980066, 6685.40299739539
0.687920572050643, 6686.33409032139
0.688953980104998, 6687.26976602393
0.689987376132194, 6688.20253409631
0.691020862748701, 6689.11249627453
0.692054510356684, 6689.89935185859
0.693088302781689, 6689.97167826493
0.694122131528275, 6689.21471272085
0.695155849822186, 6688.28995383272
0.696189375466929, 6687.33149238038
0.69677703990601, 6686.78329013907
0.697567358129163, 6686.04849779859
0.698279230713524, 6685.39259340888
0.699270411500038, 6684.49310328853
0.700299037031073, 6683.57938097691
0.701331805830705, 6682.68306939118
0.702364754546579, 6681.80817452071
0.703397418383247, 6680.95661153528
0.704429860423261, 6680.13071566509
0.705462226633244, 6679.33227803691
0.706494555426616, 6678.56178526424
0.70752676401753, 6677.81905532067
0.708558642403659, 6677.10500874596
0.70959007257261, 6676.42290384695
0.71062109858758, 6675.77804367451
0.711651908066415, 6675.17595763192
0.712682693902025, 6674.62034478346
0.713713499200821, 6674.1121666748
0.714744218330452, 6673.65035643115
0.715774656229769, 6673.23350006577
0.716804703901289, 6672.86116892864
0.717834431961819, 6672.53419668869
0.718863973532279, 6672.25411202063
0.719893501500337, 6672.02236136263
0.720923064098315, 6671.83996598675
0.721667241563409, 6671.73922930617
0.722366103698732, 6671.66856297865
0.723046957733459, 6671.62212472936
0.724029637760395, 6671.59423437404
0.725053425881924, 6671.61437672764
0.726081993085245, 6671.68494548481
0.727111188669369, 6671.80562376311
0.72814056223433, 6671.97593355162
0.729170000475278, 6672.19540573181
0.730199488654762, 6672.46351372941
0.73122906225035, 6672.7794888082
0.732258778938558, 6673.14210943482
0.733288679777615, 6673.54957406038
0.734318742845062, 6673.9996141478
0.735348947298917, 6674.49006209394
0.736379317255341, 6675.01980096155
0.737409930119611, 6675.58965602214
0.738440869070473, 6676.20247384698
0.739472159948491, 6676.86186766919
0.740503705437732, 6677.56993534347
0.741535355340602, 6678.32529147573
0.742567026823963, 6679.12276224606
0.743598766348441, 6679.9550361676
0.744630716006213, 6680.81519658192
0.745663006739051, 6681.69846313175
0.746695674359216, 6682.6021281007
0.747728591064515, 6683.52395887463
0.748761615508556, 6684.46064285726
0.749794647548697, 6685.40733226003
0.750827717183711, 6686.35846452766
0.751860952721472, 6687.30827757814
0.752894414395996, 6688.24833174916
0.753928069421818, 6689.15422894833
0.754961807066138, 6689.89234935124
0.755995475876261, 6689.79833429241
0.757029045380477, 6688.98805415319
0.75806259212186, 6688.05514831226
0.759096199268242, 6687.10193876437
0.759771778666618, 6686.47819822819
0.760505781439861, 6685.80244271243
0.761500482291012, 6684.89168500443
0.762529350195109, 6683.9582699121
0.763561890325946, 6683.03494286981
0.764594696731365, 6682.13104198655
0.765627493969077, 6681.2527077996
0.766660294546455, 6680.40364596979
0.767692998302664, 6679.58517545476
0.768725438167166, 6678.79749704622
0.769757489018957, 6678.04125444144
0.770789183647139, 6677.31803933265
0.771820653364557, 6676.62970744812
0.772852052272356, 6675.97736121949
0.773883386078523, 6675.36125627162
0.774914521101891, 6674.78175402033
0.775945288314688, 6674.24053943646
0.776975625369232, 6673.74095549773
0.778005631545966, 6673.28707926709
0.779035532399575, 6672.88217685926
0.780065481401834, 6672.52769071973
0.781095345570066, 6672.22338572615
0.782125234025443, 6671.96824043721
0.783154878750793, 6671.76174486379
0.784184215815912, 6671.60415231522
0.784518168275099, 6671.56364393007
0.784898862264527, 6671.5238752391
0.785309668943228, 6671.48866416831
0.786241943995265, 6671.43861483012
0.78725977445356, 6671.43154140496
0.788287799638056, 6671.4748896325
0.789316983878962, 6671.56902088129
0.790346231646254, 6671.71362077422
0.791375444088771, 6671.90805840326
0.792404705374793, 6672.15140499324
0.793434111204988, 6672.44259516727
0.794463734386227, 6672.78065433257
0.79549354838673, 6673.16476796004
0.796523489283572, 6673.59416412485
0.797553568529111, 6674.06787597468
0.798583830670395, 6674.58443033761
0.799614313757047, 6675.14163547042
0.800645033938054, 6675.73662614058
0.801675959737622, 6676.36633373836
0.802707067130541, 6677.02851894641
0.803738376485853, 6677.72301856736
0.804769978909462, 6678.45243405022
0.805801932019676, 6679.22130671292
0.806834220999008, 6680.03372860009
0.807866716309945, 6680.89039099856
0.808899264284264, 6681.78700026163
0.809931812324066, 6682.71522328093
0.810964414806222, 6683.66555240693
0.811997216445889, 6684.63026312191
0.813030324326974, 6685.60442444833
0.814063709382026, 6686.58436667885
0.815097238995804, 6687.56429418549
0.816130773415352, 6688.53041929163
0.817164232241339, 6689.4364537153
0.818197676464479, 6689.97482458713
0.819231211356964, 6689.44286012161
0.820264880167088, 6688.52728215363
0.821298617775028, 6687.55882293692
0.822332286465098, 6686.58461930014
0.822622793773917, 6686.31175745779
0.822965720672073, 6685.99061582501
0.823882636115741, 6685.13854596643
0.824902102831402, 6684.20542804002
0.825933747328236, 6683.27924172069
0.826966758941126, 6682.37126114256
0.827999823999562, 6681.48281944157
0.829032661913516, 6680.61479673064
0.830065155591001, 6679.76983611968
0.831097329599288, 6678.95243499838
0.832129312799225, 6678.16757463939
0.833161231446866, 6677.41900252777
0.834193086957384, 6676.70847415789
0.835224743292201, 6676.03637247229
0.836256053509715, 6675.40298248021
0.837286943788058, 6674.80932006859
0.838317532805377, 6674.25686261513
0.839347996145079, 6673.74681895652
0.840378430340934, 6673.27974090532
0.841408795258758, 6672.85594991732
0.84243891882943, 6672.47639164256
0.843468667011621, 6672.14302261776
0.844498056529119, 6671.85835273479
0.845527275345376, 6671.62447133411
0.846556539745507, 6671.44234337405
0.847333676203561, 6671.33908768034
0.847982997122017, 6671.27522581086
0.848574254294363, 6671.23471172231
0.849542613483209, 6671.20459509075
0.850564781561843, 6671.22176814468
0.851593007984775, 6671.29001884217
0.852621887417627, 6671.40945890737
0.853650971679599, 6671.57969150201
0.854680290853139, 6671.8001419076
0.855709789258981, 6672.07016505908
0.856739371414733, 6672.38895014543
0.857768975452927, 6672.75530967361
0.858798647339427, 6673.16764187665
0.859828475615359, 6673.62415309297
0.860858556341555, 6674.12323249293
0.861888914823794, 6674.66364216341
0.86291950560917, 6675.24439751316
0.863950276412652, 6675.8644168491
0.864981251128484, 6676.52213762703
0.866012442085776, 6677.21515875393
0.867043898266274, 6677.94022643345
0.868075594738912, 6678.69354449412
0.869107499278471, 6679.47179610226
0.87013957786985, 6680.27358922948
0.871171882812632, 6681.10074033262
0.872204487088311, 6681.95813560944
0.8732374198662, 6682.8515800581
0.874270604679623, 6683.7842071895
0.87530388209052, 6684.75344781688
0.876337129386229, 6685.75059540143
0.877370306923694, 6686.76310202887
0.87840351111663, 6687.77732422117
0.8794368780691, 6688.77529317443
0.880470481490192, 6689.68704796802
0.881504237331683, 6689.85110008872
0.882537995337771, 6689.02116312547
0.883571620364819, 6688.05272680483
0.884605070594262, 6687.06232265911
0.885352267527196, 6686.34481848796
0.885917860363406, 6685.8038252539
0.886516048143676, 6685.23526036317
0.887488546024542, 6684.32177959403
0.888514894646505, 6683.37564078505
0.889547307262546, 6682.44524480274
0.890580156705255, 6681.53823872177
0.89161284167858, 6680.65755922714
0.892645365787757, 6679.80520005431
0.893677811323869, 6678.98209903391
0.894710135544301, 6678.18845335017
0.895742223434354, 6677.42474141358
0.896773939937702, 6676.69285655462
0.897805283020716, 6675.99623579688
0.898836343330913, 6675.33891529644
0.899867296840966, 6674.7240868454
0.900898206626152, 6674.15339699341
0.901928991348541, 6673.62727802255
0.902959478862613, 6673.14592858814
0.903989580623602, 6672.70999589632
0.905019371843082, 6672.32052722676
0.906049009310664, 6671.97847343301
0.907078644002468, 6671.68436234909
0.908108310712123, 6671.43852650014
0.909137866685342, 6671.24158283543
0.910167150406778, 6671.09456977467
0.910913678202633, 6671.01980130909
0.911612001014873, 6670.97441524599
0.912597074551741, 6670.95085631032
0.913621037805569, 6670.9762705977
0.914649695430853, 6671.05257311439
0.915679036224901, 6671.17977675631
0.916708432327141, 6671.35818669581
0.917737725347251, 6671.58801829415
0.918766923674411, 6671.86886278237
0.919796176982345, 6672.1996149088
0.920825677127141, 6672.57885458445
0.921855479708029, 6673.00522379165
0.922885534051602, 6673.47747395088
0.923915724677499, 6673.99412409272
0.924946010953136, 6674.55317689105
0.925976436068595, 6675.15218788257
0.927007089627295, 6675.78872285003
0.928038053181808, 6676.46084089938
0.929069309288025, 6677.16717802561
0.930100814817706, 6677.90666139899
0.931132534744393, 6678.67795218584
0.932164443845977, 6679.47892184435
0.933196573780151, 6680.306422133
0.934228963062196, 6681.15637032015
0.935261567970883, 6682.02436008222
0.936294329294469, 6682.90707408288
0.937327231313247, 6683.80404899189
0.938360311505676, 6684.71877349152
0.939393638916954, 6685.65786807701
0.940427213103249, 6686.6277197883
0.941460955928051, 6687.62958597148
0.942494700353564, 6688.65388525751
0.943528320065525, 6689.65157352639
0.944561779626383, 6689.72579827576
0.945595184592094, 6688.80022672479
0.946628672136285, 6687.81603320763
0.947662277798372, 6686.82359328974
0.948337847574294, 6686.17601525189
0.94895500750863, 6685.58662946005
0.949930477090675, 6684.66092525394
0.950957034470775, 6683.69684762512
0.951989285174932, 6682.74174455356
0.953022070520092, 6681.8055525285
0.954054890935367, 6680.89366283516
0.955087651662325, 6680.00986242373
0.956120251499669, 6679.15664482957
0.957152539900562, 6678.33596464415
0.958184501072537, 6677.54968386356
0.959216200644732, 6676.79951208632
0.960247762664949, 6676.08651434828
0.96127920305662, 6675.41108956423
0.962310463088215, 6674.77356194569
0.963341393031442, 6674.17512849073
0.964371931091591, 6673.61816648027
0.965402153200557, 6673.1056878519
0.96643221612976, 6672.64030546664
0.96746223684022, 6672.22351549414
0.968492232917924, 6671.8557698506
0.969522038183641, 6671.53717223521
0.970551568756491, 6671.26801026012
0.971580793520843, 6671.04888014559
0.972609843352984, 6670.88036845041
0.973183502075699, 6670.80854888962
0.973913648307644, 6670.74013258403
0.974903943115351, 6670.68865180694
0.975928748848673, 6670.68574681965
0.976957360107917, 6670.73460302133
0.977986192487151, 6670.83512714917
0.979014963530062, 6670.98635392099
0.980043853185634, 6671.18696806384
0.981073044134973, 6671.43606242317
0.982102578753256, 6671.73369266887
0.983132320892764, 6672.08066332597
0.98416208567869, 6672.47761529053
0.985191809908429, 6672.92411573369
0.986221569659392, 6673.41844263406
0.987251543188904, 6673.9581957495
0.988281859012204, 6674.54108453718
0.989312521967804, 6675.16524190931
0.990343449033389, 6675.82888105605
0.991374532874033, 6676.52970939966
0.992405737037188, 6677.26477128695
0.993437137592991, 6678.03092001422
0.994468816013978, 6678.82548116209
0.995500814929983, 6679.6466501043
0.996533078086941, 6680.49324252441
0.997565550616855, 6681.36409717223
0.998598191588826, 6682.25735216664
0.999631008107826, 6683.17001051839
1.00066401445292, 6684.09786302331
1.00169721370912, 6685.03598158749
1.00273054656282, 6685.97990321106
1.00376395402418, 6686.9275529483
1.00479742708922, 6687.88104908452
1.0058310151835, 6688.84697933919
1.00686476570627, 6689.8314008341
1.00789866000923, 6689.16158383597
1.00893257195639, 6688.21267862885
1.00996634332114, 6687.25928007612
1.01099986277404, 6686.29692640806
1.01203345696922, 6685.32703872706
1.01296457912758, 6684.45242597368
1.01398577810687, 6683.49966533513
1.01501765094145, 6682.55025729497
1.01605065122567, 6681.61727433737
1.0170835457975, 6680.70418607526
1.01811612114761, 6679.81360037129
1.01914838477751, 6678.94908078678
1.02018047130696, 6678.1148636172
1.02121244966838, 6677.3148780543
1.02224431103241, 6676.55197256492
1.02327595650422, 6675.82804522613
1.02430727011233, 6675.14462220162
1.02533823380145, 6674.50316889841
1.02636894640455, 6673.90491747848
1.02739951778494, 6673.35058963575
1.0284299926534, 6672.8404852652
1.02946028340011, 6672.37506583332
1.03049027790257, 6671.95548357336
1.03151992370476, 6671.58359773615
1.032549191008, 6671.26141705381
1.03357845967912, 6670.99028457437
1.03460779072338, 6670.77082330552
1.03563715971177, 6670.6031083206
1.03628666826626, 6670.52390071878
1.03694409431773, 6670.46473213632
1.03792264199365, 6670.41591781419
1.03894564720395, 6670.41524690784
1.03997379089196, 6670.46651318453
1.04100268446564, 6670.56999264191
1.04203184689322, 6670.72583501373
1.04306112676568, 6670.93400983118
1.04409035364733, 6671.19372805315
1.04511946774073, 6671.50307618109
1.04614857787601, 6671.85939178919
1.04717789363713, 6672.26036213218
1.0482076103217, 6672.70515819489
1.04923773392147, 6673.19464671149
1.05026812488359, 6673.73040271685
1.05129859787849, 6674.31308617513
1.05232909737242, 6674.94141897876
1.05335968571308, 6675.61239450379
1.0543905289087, 6676.32249155424
1.05542175079609, 6677.06873822186
1.05645333435677, 6677.84886392155
1.05748518004111, 6678.66065090913
1.05851717538098, 6679.5011852384
1.05954930125517, 6680.36683900993
1.06058160393513, 6681.25395656139
1.06161415881797, 6682.15972785672
1.06264698798259, 6683.08247799179
1.06368005039258, 6684.02121751241
1.06471325343955, 6684.97473996044
1.06574655844452, 6685.94087618958
1.06677996357757, 6686.91605512055
1.06781349084849, 6687.89539380209
1.06884710952363, 6688.87327325882
1.0698807700428, 6689.82999564251
1.07091441466036, 6688.90996888942
1.07194802881713, 6687.90511771347
1.07298166337932, 6686.92306320957
1.07388566792361, 6686.08432514568
1.07470167651627, 6685.34103978819
1.07550334803454, 6684.61970766454
1.07650783219651, 6683.72231464522
1.07753778382539, 6682.80471470086
1.07857033729306, 6681.88721913199
1.07960296413876, 6680.97710399782
1.08063551257874, 6680.082050469
1.08166803400309, 6679.20890783917
1.08270046529651, 6678.36225838056
1.08373266767376, 6677.54474666496
1.08476451390743, 6676.75853775767
1.08579598106007, 6676.00643363332
1.08682717049305, 6675.29187415737
1.08785821345373, 6674.61817196563
1.08888916436263, 6673.98782564101
1.08991994269309, 6673.40247621197
1.09095043590787, 6672.86329747529
1.09198058695983, 6672.37135259758
1.09301046555993, 6671.9275602693
1.09404020000147, 6671.53250878488
1.09506989110741, 6671.18646771677
1.09609949694641, 6670.88973773053
1.09712891042363, 6670.6429774761
1.09815804479513, 6670.44720237405
1.09878713311264, 6670.35306073396
1.09959651688405, 6670.26076808688
1.10032767269877, 6670.2054077082
1.10131806651407, 6670.17280279232
1.10234273199967, 6670.19023878948
1.10337135722875, 6670.25994969358
1.10440031995313, 6670.38191327582
1.10542920133958, 6670.55585087229
1.10645806382672, 6670.78134678047
1.10748708969186, 6671.05810269702
1.10851642242415, 6671.38609250613
1.10954602542915, 6671.76516348845
1.11057575046652, 6672.19417661073
1.11160545975144, 6672.67035183273
1.1126351594794, 6673.18963914358
1.11366501405428, 6673.74820281802
1.11469523742562, 6674.34415543003
1.11572592533776, 6674.97825274135
1.11675702650246, 6675.65289053596
1.11778834987854, 6676.36985830753
1.11881972644915, 6677.12848499522
1.11985116080905, 6677.92544700313
1.12088276036593, 6678.75609471219
1.12191467533557, 6679.61621492447
1.12294696413664, 6680.50278057895
1.12397955595952, 6681.41339820564
1.12501232681461, 6682.34522480896
1.12604518134685, 6683.29443512496
1.12707812635563, 6684.25678022468
1.12811122945641, 6685.22867253287
1.12914452819678, 6686.20788866532
1.13017801690512, 6687.19339275716
1.13121161534218, 6688.18430030639
1.13224524791076, 6689.17825078262
1.13327888146887, 6689.49432794531
1.13431253794261, 6688.46975045224
1.13534620360224, 6687.44478754213
1.13637985450987, 6686.42607945824
1.13682100271399, 6685.99479411465
1.13724837628615, 6685.57978054949
1.13765361815604, 6685.18933774896
1.13858739681746, 6684.30367419909
1.13960900624079, 6683.36147350218
1.14064096601942, 6682.44062117416
1.14167409285801, 6681.5474491042
1.14270723163281, 6680.67684959308
1.14374011926338, 6679.82256861294
1.14477262099535, 6678.98151881583
1.14580472367379, 6678.15541354569
1.14683653061729, 6677.34973256444
1.14786818152788, 6676.57112826024
1.14889977874191, 6675.82504598659
1.14993124109969, 6675.11494689267
1.15096242583968, 6674.44293112664
1.15199323285196, 6673.81094244387
1.15302367116965, 6673.2214138748
1.15405386552811, 6672.67701598232
1.15508394669814, 6672.18003919129
1.15611395582891, 6671.73203639194
1.15714382235819, 6671.33395863369
1.15817331803919, 6670.98653185377
1.15920263349835, 6670.6902706345
1.16023177199168, 6670.44563990394
1.16126084977077, 6670.2528602859
1.16174036551092, 6670.18077243284
1.16222556310458, 6670.11933065129
1.16317009526028, 6670.03300154649
1.16418923484889, 6669.98942100519
1.16521694562471, 6669.99781530786
1.16624550760389, 6670.05875501729
1.16727419349263, 6670.17179558073
1.16830308801218, 6670.33637309502
1.16933222259468, 6670.55212067869
1.17036151159482, 6670.81884143631
1.17139080366178, 6671.13616662638
1.1724200593053, 6671.50333822162
1.17344937205053, 6671.91942334782
1.17447892183554, 6672.38381694918
1.17550883122385, 6672.89635561401
1.17653909580258, 6673.45658828314
1.17756955323784, 6674.06248787226
1.17860004086833, 6674.70978770364
1.17963056861845, 6675.39286129489
1.18066127109705, 6676.10687488225
1.1816923644692, 6676.85000741076
1.18272394470841, 6677.6239582919
1.1837559346277, 6678.43222865565
1.18478815173148, 6679.27712841617
1.18582042864364, 6680.15754663017
1.18685273055962, 6681.06900015178
1.18788515553751, 6682.00561656416
1.18891784799416, 6682.96235818518
1.18995086178256, 6683.93584508193
1.19098413093889, 6684.92355846537
1.19201751776927, 6685.92243750232
1.19305091179194, 6686.92827005757
1.19408431003467, 6687.93637710664
1.19511777864318, 6688.94262653087
1.1961513586939, 6689.5871694275
1.19718502846808, 6688.55799867373
1.1982187187059, 6687.53118854151
1.19925235005212, 6686.51301950278
1.19969112606486, 6686.08365564306
1.20009378112445, 6685.69120718713
1.20055300317108, 6685.24554252904
1.2014981742941, 6684.3353117695
1.20252121120575, 6683.36280165812
1.20355329670929, 6682.39923054732
1.20458623864761, 6681.45844439882
1.20561907969386, 6680.54789734674
1.20665176512557, 6679.67277796489
1.20768433668854, 6678.8347696424
1.20871681793506, 6678.03147396398
1.2097491490531, 6677.25789704266
1.21078117267098, 6676.50941257852
1.21181277090727, 6675.78440605606
1.21284393443784, 6675.0851662312
1.21387476655946, 6674.41670470276
1.21490545792039, 6673.78452775382
1.21593606827446, 6673.19295896001
1.2169665728652, 6672.64463050222
1.21799681816992, 6672.1411975104
1.21902671911084, 6671.68418181072
1.22005629331761, 6671.27536141453
1.22108552440477, 6670.91655777148
1.22211482479906, 6670.60903245745
1.22314412927517, 6670.35362475033
1.22417335739374, 6670.15073534739
1.22452968046491, 6670.09276939423
1.22492329949455, 6670.03609026299
1.2253528738911, 6669.98305281471
1.22629203507313, 6669.89918926653
1.22731029596252, 6669.85802584541
1.22833791773155, 6669.86892513284
1.22936672247306, 6669.93257749518
1.23039571723348, 6670.04900489785
1.23142469240338, 6670.21794484834
1.23245357801716, 6670.4386001335
1.23348244312001, 6670.70967130542
1.23451146112347, 6671.02980259738
1.23554078692177, 6671.39810200691
1.23657042953346, 6671.81422942802
1.23760027191747, 6672.27792509308
1.23863017802432, 6672.78840403385
1.23966011176162, 6673.34428105103
1.24069018773662, 6673.94419709138
1.24172059685225, 6674.58748326999
1.24275141525868, 6675.27389150903
1.24378259863443, 6676.00227594536
1.24481396335977, 6676.76901043741
1.24584537051851, 6677.56782317016
1.24687683708908, 6678.39166438792
1.24790850779755, 6679.23571789346
1.24894057368874, 6680.09960524698
1.24997309210084, 6680.98695899386
1.25100597103665, 6681.90243736442
1.2520389971578, 6682.84794484676
1.25307201595933, 6683.82075896799
1.25410501000079, 6684.81458164926
1.25513808554751, 6685.82242970491
1.25617135933499, 6686.839025359
1.25720487259241, 6687.86118397783
1.25823853341353, 6688.88637341289
1.25927219504229, 6689.45362072382
1.26030577649362, 6688.42272614511
1.26133927638875, 6687.39213960881
1.26237274415325, 6686.36681763428
1.26265996230359, 6686.08351378747
1.26298977232, 6685.75933760293
1.26387481628626, 6684.89644813459
1.26489040427259, 6683.92095493661
1.26592169079595, 6682.94823883422
1.26695460888004, 6681.99306854922
1.26798756054632, 6681.05799902997
1.2690203750717, 6680.14499854643
1.27005301780082, 6679.25722335477
1.27108544740986, 6678.39923446577
1.27211762057414, 6677.57637931826
1.27314953480891, 6676.79338249418
1.27418125345503, 6676.05267971458
1.27521284824616, 6675.35352045039
1.27624432137236, 6674.69261756641
1.27727556232639, 6674.06621474622
1.27830642405024, 6673.47237687539
1.27933683990705, 6672.91215528995
1.28036687515851, 6672.38908549836
1.28139668503718, 6671.90758553279
1.28242643130579, 6671.47139003365
1.28345615593935, 6671.08290727618
1.28448576933806, 6670.74351390945
1.28551512859849, 6670.45421547585
1.28654419371742, 6670.21602050963
1.2873303878514, 6670.06905553576
1.28791346746584, 6669.97988307374
1.28854560562104, 6669.90239550772
1.28952015108371, 6669.82213771751
1.29054283094229, 6669.78901382537
1.29157105736522, 6669.80829126156
1.29259978998743, 6669.88007323259
1.29362852759368, 6670.00400789502
1.29465731277378, 6670.17972785618
1.29568627029948, 6670.40699920241
1.29671544726443, 6670.6856630753
1.29774477200408, 6671.01525708247
1.29877412580026, 6671.39455035042
1.29980347321907, 6671.82147636756
1.30083294275391, 6672.29371022588
1.30186267094541, 6672.80948577883
1.30289278488635, 6673.36808711283
1.30392325651337, 6673.96939562647
1.30495393225647, 6674.61291447189
1.3059846873839, 6675.29718707175
1.3070155272253, 6676.02020920252
1.30804658203488, 6676.78047403095

