(SC.ElapsedDays) vs (SC.Earth.Altitude)
SC.ElapsedDays   SC.Earth.Altitude
SC.Earth.Altitude
0, 313.802517642868
0.000694444443070097, 313.779777373721
0.00168372894768254, 313.668903749789
0.00271290415548719, 313.456165679774
0.00374650129379006, 313.143792929171
0.0047803482702875, 312.734645175495
0.00520082329603611, 312.541341447605
0.00561233142070705, 312.337513920857
0.00600034522358328, 312.132341106264
0.00693880744438502, 311.585882533044
0.00796124515181873, 310.914276779886
0.00899355386354728, 310.162535135861
0.0100268689238874, 309.343991125993
0.0110600169828103, 308.468210645979
0.0120928362230188, 307.544684649436
0.0131253635663597, 306.583308372767
0.0141577275862801, 305.594375504349
0.015189981986623, 304.588591790159
0.0162220964411972, 303.576913748738
0.0172539625418722, 302.570383669822
0.0182854723316268, 301.579929490457
0.0193166530516464, 300.616132788658
0.0203476217648131, 299.68916060413
0.0213784734805813, 298.8087231872
0.0224092222051695, 297.983974497846
0.0234397689309844, 297.223441154015
0.0244699978866265, 296.534940609071
0.0254998970340239, 295.925560560374
0.0265294964265195, 295.40173057105
0.0275591483114113, 294.969027703029
0.0285888761573005, 294.632317582109
0.0296186275627406, 294.395371647698
0.0300514083210146, 294.326218475326
0.0304535546056286, 294.27828014455
0.0309044300411188, 294.243318148796
0.0318454539847153, 294.234542807222
0.0328643720822583, 294.322825398273
0.033892487637786, 294.513964937624
0.0349218343726534, 294.805887438897
0.0359515182863106, 295.195194294128
0.036981303619541, 295.677304332554
0.0380110319383675, 296.246617905587
0.0390406659171276, 296.896872692777
0.0400703506420541, 297.621461657023
0.0411003093213367, 298.413445129462
0.0421306872922287, 299.265278648878
0.0431614681911014, 300.16849059534
0.0441924943697813, 301.113553715796
0.0452235807169927, 302.090077883352
0.0462546891321836, 303.087270861271
0.0472859367946512, 304.094295108859
0.0483174761175178, 305.100395891479
0.0493494027032284, 306.094915014444
0.0503816742602794, 307.067242124705
0.0514141727471724, 308.006925354757
0.0524468174153299, 308.903889162021
0.0534795866478817, 309.748604208302
0.0545125426615414, 310.532241943503
0.0555457405243942, 311.246682868187
0.0565791966364486, 311.884532808084
0.0576128567772685, 312.439127801828
0.0586466358836333, 312.904601223629
0.0596804992674151, 313.275981948329
0.0607144592650002, 313.549262781414
0.0617485189177387, 313.721482127953
0.0627826453273883, 313.790839687019
0.0638167937431717, 313.756797527344
0.0648508964732173, 313.620106424441
0.0658849566389108, 313.382704691033
0.0669190375774633, 313.047494095938
0.0679531698588107, 312.618110707249
0.068346915730217, 312.430734210954
0.068787899796007, 312.20570093052
0.069550973828882, 311.779486390875
0.070550163549342, 311.153869371043
0.071579733685212, 310.434272399779
0.0726124813591014, 309.642679446198
0.0736453912832076, 308.788902161389
0.0746782546666509, 307.881983013415
0.0757110808590369, 306.931600082848
0.0767437756367144, 305.948047623976
0.0777761999015638, 304.941977713247
0.0788082234030298, 303.924239771969
0.0798398910446849, 302.905666573406
0.0808713334299682, 301.897102288554
0.0819026536410092, 300.909395682656
0.082933861638594, 299.953286600546
0.0839648722430866, 299.03922216725
0.0849955684170709, 298.177154820904
0.0860259538276296, 297.376323102125
0.0870561112569703, 296.645217716783
0.0880861648183782, 295.991505468091
0.0891161874169484, 295.421962219004
0.0901461069806828, 294.942415653778
0.0911758134388947, 294.557663606882
0.0922052508758497, 294.271521346413
0.0928757678084366, 294.139580830393
0.093443229663535, 294.062052868441
0.0940430249502242, 294.01446995069
0.0950118922046386, 294.012716301994
0.0960344136328786, 294.11160131467
0.0970631973905256, 294.314549194395
0.0980926128504507, 294.619305028183
0.0991219978423032, 295.022433428279
0.100151371327229, 295.51957794044
0.101180925004883, 296.105504967533
0.102210788623779, 296.773977786351
0.103240941538388, 297.517644596783
0.104271239310037, 298.328117349991
0.10530153612126, 299.196309050841
0.106331811566633, 300.112879918162
0.107362255072076, 301.068573559499
0.108393060028902, 302.054068758641
0.109424351496273, 303.059741883525
0.110456051381334, 304.075331926973
0.111487987076544, 305.089987537032
0.112519980772049, 306.092521093276
0.113552027414698, 307.071897283578
0.11458423606382, 308.017485726769
0.115616747363674, 308.919181929004
0.116649619816599, 309.767385709802
0.117682805954246, 310.553015719028
0.11871616350254, 311.267583625276
0.11974959881627, 311.903410839048
0.120783103149734, 312.453766149541
0.121816743248928, 312.912941315297
0.122850566389388, 313.276238691847
0.123884566488414, 313.539964444358
0.124918662928394, 313.701422034663
0.125952786009293, 313.758936901912
0.126986900409975, 313.711870214228
0.128021011125384, 313.560651974404
0.129055121415149, 313.30684100022
0.130089203747048, 312.953201420653
0.131123181192379, 312.503756592299
0.13215093506733, 311.967145506441
0.133183959598682, 311.343638748121
0.134217547474691, 310.642308020768
0.135251166357193, 309.870901659654
0.136284695836366, 309.037254771246
0.13731798111985, 308.149497499139
0.138350884371903, 307.216133679793
0.139383359186468, 306.246162915955
0.140415514728375, 305.249137903361
0.1414475002166, 304.235231755022
0.14247940829955, 303.215131493795
0.143511203095841, 302.199824991741
0.144542758029274, 301.200307981548
0.145573938785674, 300.227350235804
0.146604739798931, 299.29131282652
0.147635279805399, 298.402133589761
0.148665693235671, 297.569352252332
0.149696046399185, 296.802028715141
0.15072627320842, 296.108603146989
0.15175627804274, 295.496668425862
0.152785982310888, 294.972861728669
0.153815507623221, 294.542741599065
0.154844982236682, 294.210849647351
0.155741113649128, 294.004625375645
0.156400974930875, 293.902952701975
0.157042716280557, 293.845306290499
0.158018839476426, 293.83590048037
0.159041967184749, 293.927224451146
0.160070421799901, 294.122346126106
0.161099526350881, 294.419333598514
0.162128929623577, 294.815321775658
0.163158593477419, 295.306396818518
0.164188419283164, 295.887447807984
0.165218265061412, 296.552206145396
0.166248075653129, 297.293480287651
0.167277956566977, 298.103403574124
0.168308104352036, 298.97349567559
0.169338631436403, 299.894517067793
0.170369511219178, 300.856408052703
0.171400578728935, 301.848408132159
0.172431694463739, 302.859500385482
0.173462849790667, 303.878869318763
0.174494197151944, 304.89617078325
0.175525931834272, 305.901432294019
0.176558145267336, 306.884749216753
0.177590776071156, 307.836064321717
0.178623609586793, 308.745145491159
0.179656482952851, 309.601949320679
0.180689386364975, 310.396991758645
0.18172241002685, 311.121570983801
0.182755703732255, 311.767896385293
0.183789305356186, 312.329030589174
0.184823134561157, 312.798917863017
0.185857060274429, 313.172463147642
0.186890985140053, 313.445638327486
0.187924910052971, 313.615570151521
0.188958884649765, 313.680562229316
0.189992950829037, 313.640083185249
0.191027080607455, 313.494731150193
0.192061218192976, 313.246182598495
0.193095275382802, 312.897148907928
0.193842879896692, 312.584236196762
0.194576645211782, 312.229514318856
0.195267043589411, 311.854373491074
0.196255068745813, 311.251322993798
0.197283446039364, 310.546671388449
0.198316294463439, 309.767530232773
0.199349439011712, 308.925198411449
0.200382447699667, 308.029400232815
0.201415347317379, 307.089956004175
0.202448154341255, 306.116810473704
0.203480800770194, 305.119882274498
0.204513153661537, 304.108999141476
0.205545069464279, 303.09396206176
0.206576550091995, 302.084577513554
0.207607707750867, 301.090813719718
0.20863869294044, 300.122828641792
0.209669623960508, 299.190824778089
0.210700444236863, 298.304880929759
0.211731035713456, 297.474587985866
0.212761277885875, 296.708866878391
0.213791200207197, 296.015837764186
0.2148209322404, 295.402882438182
0.215850619973935, 294.876653845839
0.216880303294602, 294.443006731346
0.217909938153753, 294.10681709159
0.21865409030579, 293.926671841439
0.21955747037282, 293.780552633609
0.220375932916795, 293.717880627136
0.2213789951129, 293.732136309372
0.222405312499177, 293.850336070771
0.223434410188929, 294.072697661481
0.224463878446841, 294.396546564681
0.225493343947164, 294.818066698758
0.226522729739372, 295.332526254243
0.22755215466168, 295.934508231907
0.228581794901402, 296.617940043087
0.22961176796889, 297.375962481572
0.230642045255081, 298.200755208963
0.231672506593895, 299.083548012251
0.232703008503449, 300.014794932765
0.233733578807005, 300.984557004462
0.23476433869655, 301.982611448783
0.23579547328336, 302.998488107826
0.236827024782542, 304.021268629816
0.237858892018266, 305.039649388772
0.238890906563029, 306.042239550512
0.239922944725549, 307.018013553675
0.240955055785889, 307.956744551013
0.241987431298185, 308.849099896578
0.243020219084428, 309.68639141861
0.244053452988737, 310.460333901496
0.245086982260545, 311.16286991436
0.24612060103027, 311.786318790323
0.247154176129698, 312.323662718926
0.248187731587677, 312.768839695341
0.249221386995487, 313.116890723909
0.25025526322861, 313.363995894881
0.251289331899898, 313.507441141815
0.252323500419152, 313.54563640885
0.253357619985763, 313.478128695576
0.25439162467228, 313.305634182955
0.255425553546957, 313.030035129575
0.256459450167313, 312.654373888202
0.256854048180685, 312.485449823779
0.257243211814057, 312.305422041806
0.258061020336754, 311.88491171578
0.25906795507035, 311.29223236124
0.260098521739565, 310.605931955861
0.261131617473438, 309.844182513354
0.262164837338787, 309.016445741833
0.263197923952248, 308.13163362753
0.264230830598535, 307.199231329525
0.26526349429696, 306.229419993497
0.266295879635436, 305.232928406032
0.267328021142021, 304.220779594184
0.268360000518442, 303.204008566432
0.269391865738726, 302.193413464568
0.270423588211997, 301.199343967457
0.271455022433656, 300.231646796305
0.272486037418275, 299.299627276442
0.273516627610661, 298.412148972568
0.274546876447857, 297.577838387761
0.275576980195183, 296.805083482598
0.276607061328832, 296.102012872173
0.277637110171781, 295.476243325383
0.278666999463894, 294.934599398207
0.279696622350457, 294.482902746685
0.280725990698556, 294.125947873358
0.281522019937256, 293.917318352782
0.282523719019082, 293.740747541653
0.283425605393859, 293.665275724467
0.284439820559783, 293.675957326336
0.285467489869916, 293.790027066964
0.286496585242276, 294.007354110629
0.287525792547967, 294.325712045581
0.288555097955395, 294.741828421231
0.289584606434801, 295.251357781216
0.290614341094624, 295.848804094323
0.291644223405456, 296.52754035293
0.292674149030063, 297.280000860291
0.293704084873752, 298.097982838563
0.294734156970662, 298.972931431663
0.295764515882183, 299.895922062067
0.296795273723546, 300.857563346837
0.297826375128352, 301.847812571994
0.298857679728826, 302.856079497044
0.299889071538928, 303.871493940599
0.300920551992022, 304.883212392178
0.301952251993498, 305.880583008707
0.302984346144513, 306.853106024937
0.304016839567339, 307.790239559274
0.305049634698662, 308.681561825632
0.306082515449816, 309.517006077212
0.307115391595289, 310.287399918063
0.308148312171397, 310.984727016598
0.3091814424115, 311.602174934814
0.310214948258363, 312.133926010914
0.311248815745785, 312.574856328893
0.312282889699418, 312.920442120665
0.313316945390397, 313.166828722286
0.314350877244578, 313.311051684602
0.315384707959311, 313.351221719254
0.316418563110346, 313.286644794283
0.317452538889484, 313.117844979419
0.318486608743115, 312.846542065255
0.31952065688165, 312.475599219796
0.32026217470775, 312.150369902933
0.320947925134533, 311.807270010389
0.321935093605134, 311.24526619483
0.322963230359164, 310.579888750098
0.323996018745675, 309.836357221103
0.325029238305433, 309.025192905518
0.326062356005423, 308.155513790673
0.327095258086047, 307.236712169642
0.328127916072845, 306.278547987695
0.329160338271322, 305.291110883622
0.330192558009003, 304.284789351161
0.331224543766439, 303.270331268468
0.332256270783546, 302.258728228099
0.333287717458006, 301.261111783278
0.334318904220709, 300.288516278878
0.335349909983051, 299.351575182509
0.336380828521214, 298.460241760802
0.337411631629948, 297.62364574773
0.338442207957996, 296.849942819711
0.339472410079907, 296.14635821335
0.340502226255921, 295.519289629863
0.341531766163826, 294.97455260282
0.342561202367506, 294.517492824003
0.343590684333321, 294.152905337396
0.344421289730235, 293.928942980327
0.345299465905555, 293.762292653282
0.346107846718951, 293.673745170628
0.347109469243151, 293.651181525812
0.348135424639622, 293.728321478005
0.349164179253421, 293.906902781326
0.350193406888138, 294.185372889771
0.351222858578694, 294.56108981311
0.352252429307555, 295.030310157887
0.353282015850709, 295.588197869388
0.354311615948973, 296.228964223556
0.355341331440286, 296.945979694854
0.356371300662431, 297.731788518528
0.35740157444161, 298.578031502327
0.358432100234495, 299.475478846151
0.359462750584498, 300.414207524444
0.360493463114835, 301.383973636027
0.361524318574084, 302.374530878079
0.362555439136486, 303.37566414707
0.363586972187477, 304.377171305295
0.364618895975582, 305.368625944432
0.365651075593632, 306.339454696872
0.366683364834898, 307.279176814523
0.367715710563061, 308.177702365419
0.368748209300975, 309.025531774348
0.369781019682705, 309.813721534172
0.370814206715295, 310.533752977041
0.371847687350964, 311.17755508435
0.372881249480997, 311.737722261074
0.373914756615704, 312.2079299966
0.374948195465549, 312.58320076137
0.375981715267699, 312.859993190185
0.377015497502725, 313.036025056859
0.378049563645618, 313.110007552718
0.379083806736162, 313.081468033104
0.380117993972817, 312.950698490314
0.381151978854177, 312.718831702455
0.382185740032583, 312.387969731345
0.382529962218541, 312.256332018632
0.382871261837863, 312.115450760431
0.383529755530617, 311.81507442916
0.384512370954326, 311.299318996884
0.385540162289544, 310.678138319426
0.386573063999094, 309.976138213541
0.387606330812559, 309.203290735618
0.388639382705151, 308.368153868618
0.389672181216156, 307.479669465594
0.390704804834968, 306.54732955331
0.391737292124162, 305.581172053546
0.392769606543879, 304.591652280887
0.393801682330377, 303.589433584242
0.394833480600937, 302.585193506618
0.39586501192025, 301.589507854607
0.396896333037148, 300.61280343582
0.397927435558813, 299.665436015952
0.398958301258972, 298.757601125538
0.399988905854116, 297.899256742323
0.401019259425084, 297.09994016423
0.402049447868194, 296.368502806157
0.403079570347472, 295.712868122515
0.404109794446413, 295.13973686556
0.405139785143547, 294.654731845721
0.406169517293165, 294.261971351235
0.407198924927798, 293.964519034151
0.408228377047635, 293.764554048584
0.40916836211909, 293.668560340268
0.410187102719647, 293.658792874326
0.41121524821574, 293.748542650459
0.412244527866278, 293.937815294623
0.413273903130175, 294.224676528976
0.414303195870161, 294.606081952578
0.415332468455745, 295.078082147405
0.416361864150531, 295.635932435724
0.417391521328682, 296.274097838622
0.41842144992188, 296.986145594668
0.419451573601691, 297.764739925445
0.420481778892281, 298.601725447159
0.421512067536241, 299.488364109296
0.422542549189529, 300.41545295222
0.423573341264273, 301.37330143881
0.424604490217462, 302.35169745843
0.425635913699807, 303.339945228282
0.426667464034836, 304.327123250738
0.427699091440445, 305.302505923656
0.428730877825728, 306.255817031129
0.429762960193329, 307.177251913458
0.430795433429012, 308.057369162297
0.431828264976502, 308.886978579275
0.432861303670506, 309.657195624962
0.433894393889204, 310.359678489793
0.434927497932222, 310.986883698702
0.435960714003159, 311.532167272434
0.436994176769076, 311.989718555977
0.438027941578184, 312.354469212269
0.439061878380016, 312.622107551817
0.440095818466943, 312.789311387603
0.441129605187598, 312.854006038318
0.442163250671001, 312.815570741421
0.443196901091142, 312.674830853553
0.444230702898494, 312.433882932694
0.445264695055812, 312.095841076351
0.446006537888024, 311.795674749668
0.446691441902658, 311.477383375251
0.447678532749705, 310.952071505855
0.448706634906557, 310.325977903948
0.44973920902703, 309.622203645592
0.450772185231472, 308.850149267184
0.451805165306723, 308.018118260095
0.452838088753197, 307.134932566508
0.453870831333916, 306.210033688443
0.454903266723704, 305.253309109694
0.455935372003296, 304.274917035728
0.456967204074317, 303.285238727259
0.457998846748524, 302.294830654749
0.45903034595176, 301.314338484326
0.460061638434127, 300.354382765371
0.461092688303324, 299.425255737597
0.462123467499623, 298.536814479104
0.463154015029431, 297.69836029256
0.464184372387535, 296.918670133292
0.46521456519622, 296.206000829209
0.466244575032761, 295.568086616524
0.467274370192172, 295.012049359898
0.468304011294094, 294.54420836735
0.469333572156756, 294.169914574084
0.470179493619071, 293.935330023874
0.47101931168072, 293.769228363037
0.471807686317334, 293.674622249744
0.472806796282384, 293.640283719064
0.473832643045171, 293.70386162574
0.474861352460721, 293.866550981765
0.475890356512537, 294.126048824736
0.476919520857336, 294.479398439859
0.477948944142554, 294.922988149842
0.478978590395855, 295.452299380753
0.480008342798101, 296.06179842965
0.481038101239392, 296.745019446457
0.482067885172, 297.494793242235
0.483097808359162, 298.303414398069
0.484128018593765, 299.162699770964
0.485158576600952, 300.063908817738
0.48618941739187, 300.997709315546
0.487220418977813, 301.954295688374
0.488251539554767, 302.923638545418
0.489282840728265, 303.895635381714
0.490314447364653, 304.860151464456
0.491346403461648, 305.806929552306
0.492378661987459, 306.725664874
0.493411090548761, 307.606188800921
0.494443582727399, 308.438817565571
0.495476154028438, 309.214655434203
0.496508931195422, 309.925689100769
0.497542040466215, 310.564685673264
0.49857546720159, 311.125045575011
0.4996090982022, 311.600831543898
0.500642746188532, 311.986875458857
0.501676324613072, 312.278988365539
0.502709877702728, 312.474039736067
0.503743546854821, 312.569919923608
0.504777429781825, 312.565436116081
0.505811462699057, 312.460286045795
0.506845451767731, 312.25516461021
0.507879220058385, 311.95193636644
0.508256092361989, 311.817542755897
0.508767192950472, 311.615433174133
0.509358499857626, 311.353783274092
0.510329261152947, 310.862107082511
0.511355444119545, 310.263463191668
0.512388132552587, 309.585978252077
0.513421505911538, 308.840166195412
0.514454721836955, 308.034417769541
0.515487558852328, 307.177136550368
0.516520031833352, 306.277016150516
0.517552258173964, 305.34319713238
0.518584381286928, 304.385293698715
0.519616412537289, 303.41339937875
0.520648276404245, 302.43786515136
0.521679842095182, 301.469115539177
0.522711071993399, 300.517416321957
0.523741999815684, 299.592842348205
0.524772722204943, 298.705216656753
0.52580331473655, 297.864063207621
0.526833753021492, 297.078498475862
0.527864005129231, 296.356981287578
0.528894041188323, 295.707184093489
0.529923794943898, 295.135948664024
0.530953487359511, 294.649114778525
0.531983096243493, 294.251842306178
0.533012609099387, 293.948468893525
0.533613302930462, 293.816261153821
0.534163520376751, 293.724760832701
0.535122821602272, 293.633956724068
0.536143994348095, 293.634357181451
0.53717244634754, 293.736155421583
0.538201859781111, 293.938721792061
0.539231444014149, 294.239293648619
0.540260991510877, 294.633656334218
0.541290415036201, 295.116498305809
0.542319767453591, 295.681831782405
0.543349222374673, 296.323275743322
0.544378954517015, 297.034062508209
0.545409014877805, 297.806846943384
0.546439331374131, 298.633563363222
0.547469782057306, 299.505452781502
0.5485002841815, 300.413256229984
0.549530897595105, 301.347502871557
0.550561767806357, 302.298626145182
0.551592997697298, 303.256922150342
0.552624581061536, 304.212512075595
0.553656406740629, 305.155393715584
0.554688376738341, 306.075654778629
0.555720458680298, 306.963647465156
0.556752745698759, 307.810131614499
0.557785333530774, 308.606208917867
0.55881823935124, 309.343301455894
0.559851372181583, 310.013243943277
0.56088456397265, 310.608513002947
0.561917761730001, 311.122570167005
0.562950996554719, 311.549982787603
0.563984416283347, 311.886449503189
0.565018092409446, 312.128640280514
0.566051987931132, 312.274117154891
0.567085915925418, 312.321334318694
0.56811972187279, 312.269738471366
0.569153363958321, 312.11983015281
0.570186945005844, 311.873144797298
0.571220584843104, 311.532176618737
0.572160810846981, 311.142999384562
0.573183595643059, 310.637944191696
0.574215924145392, 310.046616419734
0.575249010351399, 309.378727209046
0.576281887711957, 308.641878430848
0.57731458870694, 307.844246942337
0.578347266091441, 306.994808740279
0.579379998933291, 306.103123899596
0.580412656199769, 305.179116553351
0.581445043648273, 304.232745930313
0.582477016145276, 303.273870826665
0.583508574403822, 302.312242073339
0.58453986299719, 301.357583337073
0.585571006329701, 300.419723092659
0.586602067141939, 299.508492649033
0.587632987986581, 298.633581887699
0.588663636473939, 297.804329300302
0.589693972946407, 297.029496210674
0.590724045061506, 296.317252078766
0.591753956708999, 295.675166971526
0.59278371003893, 295.110213856466
0.593813445022533, 294.628491198184
0.594843067399779, 294.235276704711
0.595872561574652, 293.934760157015
0.596473449211771, 293.803471890267
0.597093615000631, 293.702701042746
0.598066370075685, 293.616546699287
0.599089175480913, 293.621393706088
0.600117758862325, 293.724999262579
0.601146955337754, 293.926984292169
0.602176239244727, 294.225665414849
0.603205613264436, 294.618365103475
0.604235199993127, 295.101260782505
0.605265017646161, 295.669144484788
0.606294992514449, 296.315369906662
0.607325003486039, 297.032040651534
0.608354956802941, 297.810413393705
0.60938492645073, 298.641417953665
0.61041505574758, 299.515886243335
0.611445534454106, 300.42462378378
0.612476394475379, 301.358159833465
0.613507558668061, 302.306689419363
0.614538882440684, 303.260118634882
0.615570285001013, 304.208322518257
0.616601801342767, 305.141385335966
0.617633582263807, 306.049748654214
0.618665720361605, 306.924124807361
0.619698197671823, 307.755487537816
0.620730883918441, 308.535131571779
0.621763669398206, 309.254877757999
0.622796537943941, 309.907222846331
0.623829566797212, 310.485390530914
0.62486284274928, 310.983287875214
0.625896353009011, 311.395470444293
0.626930017500854, 311.717247852088
0.627963660372188, 311.944845579573
0.628997222571343, 312.075648066152
0.630030739725044, 312.108279208461
0.631064334218536, 312.042569836993
0.632098096881236, 311.879430717856
0.633131972470437, 311.620749161636
0.63388846637099, 311.372521518315
0.634526451489364, 311.125582101621
0.635181140944042, 310.837487876694
0.636162670507474, 310.342383838417
0.637189894132462, 309.747632916649
0.638222371795564, 309.077007742386
0.639255471382057, 308.339787472682
0.640288567665266, 307.543808586972
0.641321412491379, 306.697268800911
0.642353862938762, 305.808959485179
0.643385914368992, 304.888317646713
0.64441773733779, 303.945343636214
0.645449505493161, 302.990519402624
0.646481289841176, 302.034537193338
0.647512977113365, 301.088003408465
0.648544387713628, 300.161094667093
0.649575373150583, 299.263432214208
0.650605957838707, 298.404061433842
0.651636291720934, 297.591609395102
0.652666516692989, 296.834396458169
0.653696705623588, 296.140349678401
0.654726793905866, 295.516854463048
0.655756632499106, 294.970553379339
0.656786253122846, 294.507150048791
0.657815680595377, 294.131536005983
0.658714874633006, 293.878441006947
0.659450224218745, 293.725077382849
0.660138271177857, 293.626146792527
0.661121983994235, 293.560559176102
0.662146071888856, 293.587752286066
0.663174757261004, 293.712832761172
0.664203966189234, 293.934649933046
0.665233300223917, 294.250785179642
0.666262731683673, 294.657905541249
0.667292249469028, 295.151857238178
0.668321828521584, 295.727734344448
0.669351510870911, 296.379933245786
0.670381371844996, 297.102062216829
0.671411531329795, 297.886810842348
0.672441986866033, 298.725705986796
0.67347266586512, 299.60915997275
0.674503423630085, 300.526695405574
0.67553418976604, 301.467467707826
0.676565015150118, 302.420727564406
0.677596060308133, 303.376088547164
0.678627474731911, 304.323488386775
0.679659293262375, 305.253029100232
0.680691396690236, 306.154879167131
0.681723630845227, 307.019420464726
0.682755936068133, 307.837497601246
0.683788354566786, 308.600584849328
0.68482100741312, 309.300878286122
0.68585396168055, 309.931244814045
0.686887192980066, 310.485223316909
0.687920572050643, 310.957068223752
0.688953980104998, 311.341887997637
0.689987376132194, 311.635731372353
0.691020862748701, 311.835602516138
0.692054510356684, 311.939372018287
0.693088302781689, 311.945765226596
0.694122131528275, 311.854423785067
0.695155849822186, 311.666033919591
0.696189375466929, 311.38244303239
0.69677703990601, 311.17982039057
0.697567358129163, 310.861561551957
0.698279230713524, 310.531534875261
0.699270411500038, 310.006987448048
0.700299037031073, 309.387741286992
0.701331805830705, 308.695771305667
0.702364754546579, 307.94052860703
0.703397418383247, 307.130255537312
0.704429860423261, 306.273444388542
0.705462226633244, 305.378969454875
0.706494555426616, 304.456063987075
0.70752676401753, 303.514214104049
0.708558642403659, 302.56316524614
0.70959007257261, 301.612817317655
0.71062109858758, 300.673243634185
0.711651908066415, 299.754657007334
0.712682693902025, 298.867288568493
0.713713499200821, 298.021135091685
0.714744218330452, 297.225575885869
0.715774656229769, 296.489107435833
0.716804703901289, 295.819219237549
0.717834431961819, 295.222495395597
0.718863973532279, 294.704838542595
0.719893501500337, 294.271497403206
0.720923064098315, 293.927023720458
0.721667241563409, 293.735475053581
0.722366103698732, 293.600566428794
0.723046957733459, 293.5116649014
0.724029637760395, 293.458158839187
0.725053425881924, 293.496890248597
0.726081993085245, 293.632606553359
0.727111188669369, 293.864276231335
0.72814056223433, 294.189631982747
0.729170000475278, 294.605324016671
0.730199488654762, 295.106958531981
0.73122906225035, 295.689181694855
0.732258778938558, 296.34579740583
0.733288679777615, 297.069890769156
0.734318742845062, 297.853934000815
0.735348947298917, 298.689939737673
0.736379317255341, 299.569542879546
0.737409930119611, 300.483961313123
0.738440869070473, 301.423836705756
0.739472159948491, 302.379078247871
0.740503705437732, 303.338839781421
0.741535355340602, 304.291828938262
0.742567026823963, 305.226820275989
0.743598766348441, 306.133118901254
0.744630716006213, 307.000792369114
0.745663006739051, 307.820645990275
0.746695674359216, 308.58409564968
0.747728591064515, 309.283061489175
0.748761615508556, 309.910108602039
0.749794647548697, 310.458591073095
0.750827717183711, 310.922827273556
0.751860952721472, 311.298144746009
0.752894414395996, 311.580822393798
0.753928069421818, 311.768086711892
0.754961807066138, 311.858130318193
0.755995475876261, 311.850158449911
0.757029045380477, 311.744411173362
0.75806259212186, 311.542105126844
0.759096199268242, 311.245361984622
0.759771778666618, 311.001779236524
0.760505781439861, 310.694049523424
0.761500482291012, 310.208130192289
0.762529350195109, 309.626538989213
0.763561890325946, 308.968052425209
0.764594696731365, 308.241419856846
0.765627493969077, 307.454709584995
0.766660294546455, 306.616480665566
0.767692998302664, 305.735835271065
0.768725438167166, 304.822259626055
0.769757489018957, 303.885481954358
0.770789183647139, 302.935330865011
0.771820653364557, 301.981694699805
0.772852052272356, 301.034422961394
0.773883386078523, 300.103295458018
0.774914521101891, 299.197897063498
0.775945288314688, 298.32754166325
0.776975625369232, 297.501266852655
0.778005631545966, 296.727881197494
0.779035532399575, 296.015925578722
0.780065481401834, 295.373539761578
0.781095345570066, 294.808176957841
0.782125234025443, 294.325976103165
0.783154878750793, 293.931983872664
0.784184215815912, 293.629947297936
0.784518168275099, 293.552177775307
0.784898862264527, 293.475778987939
0.785309668943228, 293.408092409568
0.786241943995265, 293.311803145056
0.78725977445356, 293.298185314043
0.788287799638056, 293.381490120611
0.789316983878962, 293.561687939953
0.790346231646254, 293.836804370447
0.791375444088771, 294.203880313261
0.792404705374793, 294.659113500541
0.793434111204988, 295.197888469402
0.794463734386227, 295.814758689753
0.79549354838673, 296.503367091854
0.796523489283572, 297.256472567838
0.797553568529111, 298.066100304818
0.798583830670395, 298.923647373574
0.799614313757047, 299.820012239107
0.800645033938054, 300.745755246047
0.801675959737622, 301.69124002269
0.802707067130541, 302.646802924459
0.803738376485853, 303.602821537293
0.804769978909462, 304.549671500592
0.805801932019676, 305.477510081876
0.806834220999008, 306.376180163213
0.807866716309945, 307.235281531744
0.808899264284264, 308.044553326146
0.809931812324066, 308.79437643875
0.810964414806222, 309.476120716735
0.811997216445889, 310.08230556699
0.813030324326974, 310.606513000486
0.814063709382026, 311.043253180874
0.815097238995804, 311.387931142316
0.816130773415352, 311.636909363451
0.817164232241339, 311.787607824737
0.818197676464479, 311.838582550844
0.819231211356964, 311.789511791399
0.820264880167088, 311.641158629415
0.821298617775028, 311.395337110953
0.822332286465098, 311.054887425398
0.822622793773917, 310.942659657485
0.822965720672073, 310.801067608557
0.823882636115741, 310.375303974731
0.824902102831402, 309.824911850453
0.825933747328236, 309.191040920796
0.826966758941126, 308.4853931208
0.827999823999562, 307.715940810839
0.829032661913516, 306.890736192149
0.830065155591001, 306.018398464334
0.831097329599288, 305.10811418508
0.832129312799225, 304.16956998114
0.833161231446866, 303.212849211183
0.834193086957384, 302.248303839792
0.835224743292201, 301.286366034514
0.836256053509715, 300.337319978848
0.837286943788058, 299.411188073911
0.838317532805377, 298.517588719405
0.839347996145079, 297.665756184404
0.840378430340934, 296.864475246136
0.841408795258758, 296.121949318441
0.84243891882943, 295.445726944288
0.843468667011621, 294.842666418039
0.844498056529119, 294.319033649722
0.845527275345376, 293.88058278788
0.846556539745507, 293.5325067884
0.847333676203561, 293.332289354663
0.847982997122017, 293.207484802845
0.848574254294363, 293.128018397841
0.849542613483209, 293.068907648306
0.850564781561843, 293.102410700836
0.851593007984775, 293.234708084572
0.852621887417627, 293.464309658936
0.853650971679599, 293.788598990312
0.854680290853139, 294.204134335019
0.855709789258981, 294.706512508064
0.856739371414733, 295.290347728599
0.857768975452927, 295.949375329561
0.858798647339427, 296.676643537163
0.859828475615359, 297.464612155607
0.860858556341555, 298.305199675665
0.861888914823794, 299.189736479056
0.86291950560917, 300.10896932231
0.863950276412652, 301.053169015677
0.864981251128484, 302.012321274722
0.866012442085776, 302.976204506587
0.867043898266274, 303.934615808315
0.868075594738912, 304.877455673992
0.869107499278471, 305.794955789962
0.87013957786985, 306.677781930522
0.871171882812632, 307.517099396676
0.872204487088311, 308.304404655305
0.8732374198662, 309.031350954498
0.874270604679623, 309.689688129155
0.87530388209052, 310.271452252931
0.876337129386229, 310.769366033542
0.877370306923694, 311.177220688886
0.87840351111663, 311.49014539683
0.8794368780691, 311.704630525285
0.880470481490192, 311.818421909607
0.881504237331683, 311.830396095407
0.882537995337771, 311.740509633849
0.883571620364819, 311.549798349008
0.884605070594262, 311.26040017756
0.885352267527196, 310.99144929331
0.885917860363406, 310.755607368792
0.886516048143676, 310.476892389172
0.887488546024542, 309.962218843881
0.888514894646505, 309.341303172648
0.889547307262546, 308.642811379862
0.890580156705255, 307.877368985209
0.89161284167858, 307.053600260171
0.892645365787757, 306.180302364372
0.893677811323869, 305.266617162042
0.894710135544301, 304.322075577686
0.895742223434354, 303.35650172367
0.896773939937702, 302.379977546168
0.897805283020716, 301.402719388063
0.898836343330913, 300.435068287256
0.899867296840966, 299.487340442114
0.900898206626152, 298.569771568762
0.901928991348541, 297.692298639423
0.902959478862613, 296.864349396433
0.903989580623602, 296.094649103831
0.905019371843082, 295.391174246144
0.906049009310664, 294.761181509892
0.907078644002468, 294.211134261993
0.908108310712123, 293.746593995846
0.909137866685342, 293.372140200991
0.910167150406778, 293.091353523374
0.910913678202633, 292.947858059834
0.911612001014873, 292.860293243744
0.912597074551741, 292.814556378992
0.913621037805569, 292.864440436631
0.914649695430853, 293.014668205368
0.915679036224901, 293.264250737911
0.916708432327141, 293.6105068732
0.917737725347251, 294.049392785918
0.918766923674411, 294.575799690168
0.919796176982345, 295.183862093323
0.920825677127141, 295.867087173538
0.921855479708029, 296.618256560586
0.922885534051602, 297.429388985276
0.923915724677499, 298.291777659252
0.924946010953136, 299.196214883244
0.925976436068595, 300.133173615232
0.927007089627295, 301.09292190869
0.928038053181808, 302.065555771448
0.929069309288025, 303.040948391834
0.930100814817706, 304.008856242905
0.931132534744393, 304.959027021374
0.932164443845977, 305.881323412049
0.933196573780151, 306.765922050814
0.934228963062196, 307.603442150627
0.935261567970883, 308.385054783832
0.936294329294469, 309.10269551733
0.937327231313247, 309.749175209921
0.938360311505676, 310.318131700697
0.939393638916954, 310.803867943767
0.940427213103249, 311.201156075703
0.941460955928051, 311.505213408347
0.942494700353564, 311.711859606256
0.943528320065525, 311.817850751102
0.944561779626383, 311.821189451004
0.945595184592094, 311.721303576093
0.946628672136285, 311.519042252251
0.947662277798372, 311.216572224434
0.948337847574294, 310.966286200388
0.94895500750863, 310.702440502977
0.949930477090675, 310.219425529931
0.950957034470775, 309.628330903797
0.951989285174932, 308.954579915363
0.953022070520092, 308.208107851006
0.954054890935367, 307.397367081005
0.955087651662325, 306.531283940409
0.956120251499669, 305.619354623548
0.957152539900562, 304.671565614253
0.958184501072537, 303.698127561426
0.959216200644732, 302.709399158286
0.960247762664949, 301.715757565068
0.96127920305662, 300.727601434604
0.962310463088215, 299.755205279178
0.963341393031442, 298.808698488767
0.964371931091591, 297.897921856859
0.965402153200557, 297.032402090465
0.96643221612976, 296.221330631697
0.96746223684022, 295.473470984572
0.968492232917924, 294.796951316712
0.969522038183641, 294.199106864483
0.970551568756491, 293.686227838624
0.971580793520843, 293.263618970945
0.972609843352984, 292.935589931886
0.973183502075699, 292.795056552847
0.973913648307644, 292.660905958784
0.974903943115351, 292.559965183902
0.975928748848673, 292.554248771653
0.976957360107917, 292.649130659774
0.977986192487151, 292.843605161773
0.979014963530062, 293.135678049442
0.980043853185634, 293.522790513181
0.981073044134973, 294.001640926825
0.982102578753256, 294.567837118803
0.983132320892764, 295.215616596183
0.98416208567869, 295.937881836571
0.985191809908429, 296.726538794789
0.986221569659392, 297.572860714348
0.987251543188904, 298.46774625743
0.988281859012204, 299.401722872307
0.989312521967804, 300.364889682784
0.990343449033389, 301.346953422129
0.991374532874033, 302.337368305019
0.992405737037188, 303.32558323927
0.993437137592991, 304.301251151895
0.994468816013978, 305.254247880592
0.995500814929983, 306.17469525191
0.996533078086941, 307.052948298704
0.997565550616855, 307.879738723145
0.998598191588826, 308.646267378284
0.999631008107826, 309.344345569981
1.00066401445292, 309.966505053582
1.00169721370912, 310.506144178561
1.00273054656282, 310.957654679359
1.00376395402418, 311.316558567062
1.00479742708922, 311.57951518559
1.0058310151835, 311.744183417039
1.00686476570627, 311.809004681939
1.00789866000923, 311.773044249427
1.00893257195639, 311.635995814599
1.00996634332114, 311.398356290075
1.01099986277404, 311.061680577569
1.01203345696922, 310.62863826623
1.01296457912758, 310.159446054991
1.01398577810687, 309.56354392396
1.01501765094145, 308.88121171349
1.01605065122567, 308.124704914081
1.0170835457975, 307.302892107305
1.01811612114761, 306.424719162825
1.01914838477751, 305.499610928803
1.02018047130696, 304.537456504036
1.02121244966838, 303.548656419612
1.02224431103241, 302.54397339032
1.02327595650422, 301.534381849907
1.02430727011233, 300.530866949848
1.02533823380145, 299.544206819714
1.02636894640455, 298.584843513066
1.02739951778494, 297.662842749271
1.0284299926534, 296.787807852579
1.02946028340011, 295.968819804336
1.03049027790257, 295.214314939863
1.03151992370476, 294.532069897343
1.032549191008, 293.929261183333
1.03357845967912, 293.41221136278
1.03460779072338, 292.98665589635
1.03563715971177, 292.657337136772
1.03628666826626, 292.500724590146
1.03694409431773, 292.383355716665
1.03792264199365, 292.286326286948
1.03894564720395, 292.284985279078
1.03997379089196, 292.386672085366
1.04100268446564, 292.590657257886
1.04203184689322, 292.894589723526
1.04306112676568, 293.294853489765
1.04409035364733, 293.786708200509
1.04511946774073, 294.36463778045
1.04614857787601, 295.022680328137
1.04717789363713, 295.754510697438
1.0482076103217, 296.553245861596
1.04923773392147, 297.411056343976
1.05026812488359, 298.319003993403
1.05129859787849, 299.267163010035
1.05232909737242, 300.245043939431
1.05335968571308, 301.241936207036
1.0543905289087, 302.247169261866
1.05542175079609, 303.250101271274
1.05645333435677, 304.240055652796
1.05748518004111, 305.206414584992
1.05851717538098, 306.138786538135
1.05954930125517, 307.027255676922
1.06058160393513, 307.862501287806
1.06161415881797, 308.635864647036
1.06264698798259, 309.339332526035
1.06368005039258, 309.96556216005
1.06471325343955, 310.507932918858
1.06574655844452, 310.960667469099
1.06677996357757, 311.318896679993
1.06781349084849, 311.578755556067
1.06884710952363, 311.737484238875
1.0698807700428, 311.793554960387
1.07091441466036, 311.746723456789
1.07194802881713, 311.597967242738
1.07298166337932, 311.34929054804
1.07388566792361, 311.052088965891
1.07470167651627, 310.721903186059
1.07550334803454, 310.3421894534
1.07650783219651, 309.792095502283
1.07753778382539, 309.146680690306
1.07857033729306, 308.422742901107
1.07960296413876, 307.628763026428
1.08063551257874, 306.773003378541
1.08166803400309, 305.864517642943
1.08270046529651, 304.913121158
1.08373266767376, 303.929137176388
1.08476451390743, 302.923183188182
1.08579598106007, 301.906020739621
1.08682717049305, 300.888482678728
1.08785821345373, 299.8814649803
1.08888916436263, 298.895869664802
1.08991994269309, 297.942472807747
1.09095043590787, 297.031666780182
1.09198058695983, 296.173275621169
1.09301046555993, 295.376417949702
1.09404020000147, 294.649469155291
1.09506989110741, 293.999994384638
1.09609949694641, 293.434693843124
1.09712891042363, 292.959293857754
1.09815804479513, 292.57855596185
1.09878713311264, 292.394093854577
1.09959651688405, 292.212109386809
1.10032767269877, 292.102245773093
1.10131806651407, 292.037206617297
1.10234273199967, 292.072121078063
1.10337135722875, 292.211435083346
1.10440031995313, 292.453795212484
1.10542920133958, 292.796474396962
1.10645806382672, 293.235763823594
1.10748708969186, 293.767024675556
1.10851642242415, 294.384592801347
1.10954602542915, 295.081638693682
1.11057575046652, 295.850265733021
1.11160545975144, 296.681845443533
1.1126351594794, 297.567463378419
1.11366501405428, 298.498182690181
1.11469523742562, 299.464973415072
1.11572592533776, 300.458380733948
1.11675702650246, 301.46828782527
1.11778834987854, 302.483868038419
1.11881972644915, 303.49391672892
1.11985116080905, 304.487322199748
1.12088276036593, 305.453309030959
1.12191467533557, 306.381576412449
1.12294696413664, 307.262250045112
1.12397955595952, 308.085886482328
1.12501232681461, 308.843604739836
1.12604518134685, 309.527263617183
1.12707812635563, 310.129635904504
1.12811122945641, 310.644466923866
1.12914452819678, 311.06646793376
1.13017801690512, 311.391321643962
1.13121161534218, 311.615674267493
1.13224524791076, 311.737173715425
1.13327888146887, 311.754497475959
1.13431253794261, 311.667390519723
1.13534620360224, 311.476734959066
1.13637985450987, 311.184630536238
1.13682100271399, 311.029854671439
1.13724837628615, 310.863163956837
1.13765361815604, 310.690186492931
1.13858739681746, 310.238077719928
1.13960900624079, 309.662132990036
1.14064096601942, 309.000306390264
1.14167409285801, 308.264078877361
1.14270723163281, 307.461424902581
1.14374011926338, 306.600157754121
1.14477262099535, 305.688490047655
1.14580472367379, 304.735207504245
1.14683653061729, 303.749765074669
1.14786818152788, 302.742288177816
1.14889977874191, 301.723419201174
1.14993124109969, 300.704178610056
1.15096242583968, 299.69560830853
1.15199323285196, 298.708538050718
1.15302367116965, 297.753478096996
1.15405386552811, 296.840581966478
1.15508394669814, 295.979656015522
1.15611395582891, 295.180076622091
1.15714382235819, 294.4506185672
1.15817331803919, 293.799325679287
1.15920263349835, 293.233077060028
1.16023177199168, 292.757949971801
1.16126084977077, 292.37894582337
1.16174036551092, 292.236313589533
1.16222556310458, 292.114431315332
1.16317009526028, 291.942830425376
1.16418923484889, 291.856134803334
1.16521694562471, 291.872820329258
1.16624550760389, 291.993918544722
1.16727419349263, 292.218320465598
1.16830308801218, 292.543958344389
1.16933222259468, 292.967680537095
1.17036151159482, 293.485108520219
1.17139080366178, 294.090655271248
1.1724200593053, 294.777766612188
1.17344937205053, 295.539132233705
1.17447892183554, 296.366762952072
1.17550883122385, 297.251878113831
1.17653909580258, 298.184828745209
1.17756955323784, 299.155171743084
1.17860004086833, 300.152089026073
1.17963056861845, 301.164910741532
1.18066127109705, 302.183322885146
1.1816923644692, 303.197355089029
1.18272394470841, 304.197025771103
1.1837559346277, 305.172110519076
1.18478815173148, 306.112171062618
1.18582042864364, 307.006834332269
1.18685273055962, 307.846190379144
1.18788515553751, 308.621070536083
1.18891784799416, 309.323148418762
1.18995086178256, 309.944906985204
1.19098413093889, 310.47965043303
1.19201751776927, 310.92158207385
1.19305091179194, 311.265934212036
1.19408431003467, 311.509075208002
1.19511777864318, 311.64853534243
1.1961513586939, 311.682991953284
1.19718502846808, 311.612244657513
1.1982187187059, 311.437177397846
1.19925235005212, 311.159717935085
1.19969112606486, 311.011650361295
1.20009378112445, 310.860221226878
1.20055300317108, 310.669665708747
1.2014981742941, 310.219255184953
1.20252121120575, 309.647368493842
1.20355329670929, 308.987528514548
1.20458623864761, 308.250997231339
1.20561907969386, 307.446586243377
1.20665176512557, 306.583348162726
1.20768433668854, 305.670734322617
1.20871681793506, 304.718372167912
1.2097491490531, 303.735920266884
1.21078117267098, 302.733054836897
1.21181277090727, 301.719466947017
1.21284393443784, 300.704978823385
1.21387476655946, 299.699649339512
1.21490545792039, 298.71374231706
1.21593606827446, 297.757714449191
1.2169665728652, 296.841869312272
1.21799681816992, 295.97614413001
1.21902671911084, 295.169808773783
1.22005629331761, 294.431428616727
1.22108552440477, 293.76895576124
1.22211482479906, 293.189389911218
1.22314412927517, 292.699222511246
1.22417335739374, 292.303942863065
1.22452968046491, 292.190031051784
1.22492329949455, 292.07821692133
1.2253528738911, 291.973191325284
1.22629203507313, 291.806304597512
1.22731029596252, 291.723993884742
1.22833791773155, 291.745819934162
1.22936672247306, 291.87289756107
1.23039571723348, 292.103723784662
1.23142469240338, 292.435509184475
1.23245357801716, 292.864439098679
1.23348244312001, 293.385906501268
1.23451146112347, 293.994622156686
1.23554078692177, 294.684523160221
1.23657042953346, 295.448572765667
1.23760027191747, 296.278698249528
1.23863017802432, 297.165947726388
1.23966011176162, 298.100785655757
1.24069018773662, 299.073336851969
1.24172059685225, 300.073416007065
1.24275141525868, 301.090347800084
1.24378259863443, 302.112990055323
1.24481396335977, 303.129890122227
1.24584537051851, 304.129789549223
1.24687683708908, 305.102071615072
1.24790850779755, 306.036923530126
1.24894057368874, 306.925229933261
1.24997309210084, 307.758239283739
1.25100597103665, 308.527401006342
1.2520389971578, 309.224393539884
1.25307201595933, 309.841435109824
1.25410501000079, 310.371587552144
1.25513808554751, 310.808961465022
1.25617135933499, 311.14877095413
1.25720487259241, 311.387323898129
1.25823853341353, 311.522006034463
1.25927219504229, 311.551321587765
1.26030577649362, 311.474937435746
1.26133927638875, 311.293703358009
1.26237274415325, 311.009648088026
1.26265996230359, 310.91284655549
1.26298977232, 310.792297490275
1.26387481628626, 310.420235451832
1.26489040427259, 309.909297273512
1.26592169079595, 309.303854756476
1.26695460888004, 308.616341215693
1.26798756054632, 307.854822399569
1.2690203750717, 307.027420492533
1.27005301780082, 306.142957011393
1.27108544740986, 305.211022244869
1.27211762057414, 304.241896920997
1.27314953480891, 303.246342442681
1.27418125345503, 302.235299805779
1.27521284824616, 301.21961362323
1.27624432137236, 300.209819198949
1.27727556232639, 299.216033202884
1.27830642405024, 298.247910414565
1.27933683990705, 297.314705257283
1.28036687515851, 296.425418061031
1.28139668503718, 295.588906679789
1.28242643130579, 294.813842160101
1.28345615593935, 294.108543004221
1.28448576933806, 293.48068742154
1.28551512859849, 292.937068828526
1.28654419371742, 292.483472016842
1.2873303878514, 292.200572863699
1.28791346746584, 292.027608264249
1.28854560562104, 291.876378408117
1.28952015108371, 291.718670184387
1.29054283094229, 291.653177009453
1.29157105736522, 291.691470477233
1.29259978998743, 291.834045427692
1.29362852759368, 292.079525659531
1.29465731277378, 292.425407912411
1.29568627029948, 292.868088663614
1.29671544726443, 293.402795916223
1.29774477200408, 294.023582678955
1.29877412580026, 294.723490371814
1.29980347321907, 295.494857476415
1.30083294275391, 296.329601960389
1.30186267094541, 297.219197969197
1.30289278488635, 298.154619648409
1.30392325651337, 299.12614083849
1.30495393225647, 300.123370715303
1.3059846873839, 301.135550464869
1.3070155272253, 302.151870291289
1.30804658203488, 303.161627634766

